0:1840,1735
3:1876
6:1924
11:1911
17:1444,1513,1821
21:1807
22:1579,1479,1031
24:2019
25:1579
28:361
33:1247,865,866,867,868,869,870,1248,872
34:1940,1941
39:1268
42:1732,1733
46:1170,1716,1807,1483,1750,11,1924,1814,1710,1811,1476,1812,1813,1815,1809,1572,1717,23,1213
49:1528,2010
51:1286
55:1362
58:1986
59:828,2004,34,35
63:1881
66:1904,1905
69:88,2010,90
70:2003
71:1774
72:2010
75:878
76:2019,1479
86:1372,2016,2010
91:1974,1975
95:466,467
98:1763,1464,1916,1765
100:1716,1395,1710,1803,1750,1129,1817,112,113,114
102:1844,1845,1846,1911,1848
103:1201
106:1807
112:1976,410,1718,1444,1297
115:1735
123:1613
126:162,56,57,58,59
132:1003
134:810
136:76,2010
141:638,1771,640,641,642
152:162,163
157:975,976
159:737,738,739,740,741,1400,1730,744,745
166:492
167:1785,1930,1787,1871
169:892
171:1984,2010,1986,2011
173:1878,2000,1879
182:2011,2010
183:1404
189:1683
194:1879
196:1167,1615,1969
204:999
211:1827
215:139,140
217:1431,1145,1439
221:2019
224:0,1712
229:1174,1451,1924,1715,1808,1120,1807,1782,1585,1823,2001,1717,1774,1579,1129,1914,1513,1712,1817,1716,1135,1483,2019,1878,1950,1824,1710,1780,1683,1399,1145,1789,1147,1801,1149,1820,1942,1825,1810,1909
232:497,1538,269,696,271,272,273
236:433,852,435,1789,1718,1805,439,1950,1572,1716,1801,444,1815
238:1923,1406
243:157,158,159
244:1204,455
249:1622,1623
251:963
253:1598,1599,1600,2010
255:1651,1878,1879,2000
256:1642
259:1691,1692,1848,1694,1695,1707,1697,1698,1699,1700,1705,1702,1703,1704
261:1948,1949
264:2010
268:2010,1728
273:2019
275:1924,1750,1950,1819,1976,1778,1755
280:277,278,1945,280,281,282,283
286:1871,2000,1587
292:1360
293:2010
294:1808
297:501
299:1911
304:1032,1033,1034,1035
315:2010
316:678
321:2010,341,1059,343
324:1725,1726
332:509,510,511
336:1735
338:1683,1970,1685,1686
339:1758,1635
341:1513,1823,623,1789,1717,1909
347:1479
351:1988,1989,1990,1991
354:1976,715,716,751,718
358:1547
359:1934,1647,1648,1903,1650
361:993
366:1733
371:2010
376:1924,1876,1716,1483,1502,1812,1815,1811,1813,1814,1942
382:1675,1676,1677,2010
384:452,453
385:643
393:1275,2010,1665,904,905,906,907,908,909,910,911,912,913,914,915,916,1676,918
394:1927
395:505,506,507,508
398:1771
402:1444,1735
405:1882
406:1927
410:1804,2001,1879
413:408
414:416
422:1774
428:498
436:1097,1096,526,527,673,529,530
440:295
445:1651,1818
448:28,29,1970
449:1250,1251
450:873
451:2010,1014,74
455:2010
464:1282,1763,1708,1707,833
465:2010
467:942,943,944
469:1256
473:1970
477:448,1726,1717,451
482:1665,2010,1970,1699,1669
484:1710,1824,199,1538,610,202,1769,204,205,206,1783,1614,485,1878,649,1789,1722,1815
485:1541,1217,1218,1219,1220,1221,1222,1978,1224,1544,1226,1227,1228
488:1428,1429
490:1956,1957,1958,1959
491:1492,732,733,734,735,736
493:979
494:1774
497:1548,1549
501:827
503:357
505:1820,1717,1683
507:51,2011,53,2010
511:965,966,967,968,969,1598,971,972,973,974
512:1937
519:190
522:1550,1551,1552,1553,1554
523:2001,2002
524:1984
526:1525,1526,1527
529:2010,1606,1607,1608,1609,1610,1611,1612
530:1108,1109,1492,1111,1112,1113,2010
538:1513
543:1849,1850,1851,1852,1853,1854,1898,1856,1857
550:1807,1699
553:1994
554:995
555:1945
558:71
561:1355,1356,1357,1872,1359
563:1969,1556,1741,1736,1559,1560,1561
570:550,551,1732
572:678
573:1330,1331
578:1937
586:1805,2001,1878
587:2010,2011,2012,2013,2014,2015,2016,2017
593:1651,1878,2003
596:1632
599:1129
600:1823,1780,1805
603:1771,1537,1538,1539,1540,1541,1542,1543,1544,1545,1937
605:1808,1782,984,1129
606:763,1840
610:1661
615:1707,627,628,1609,630,631,1014
619:1897,1103,1635
623:1874,1362,1363,1878,1879,1733,1732,1368,1782
627:1782
628:1420
630:136,137,138
633:1069
638:1454,2004,1456,1457
641:1245,1770,1247,1248
642:2003
649:1878,1710,1724,1683,1805
655:1518,1519,1520,1521,1522,1523
656:2010,1838,1839,1840,1841,1865,1843
657:1957
661:1476,649,2000,1712,1360,653
663:1101,1093,1828,1162,1100,1954,1096,926,1955,1097,1099,930,1095
665:1279,1694,1281,1282,1283,1284
667:425,1502
668:1572
669:1170,1823,1874,2001,1174,1710,1579,1914,1431,1876,1717,2019,1878,1735,1780,1683,2002,1807,1426,1430,1190,1942,1479,1811,1812,1814,1813,1815,2000,1451,1805
673:1629,1630,1631
682:1950
683:1937
691:1636,2010,1638
695:1817,1750,1805,1584,1585,1878,1587
696:1900,1901,1902,1903
697:1790,1313
701:1924,1925
703:1934,1647,497
710:1505,1513,1507,1909,1878,1516,1899,1728
711:1871
716:1899,1780,1808
718:1828,1832,1093,1833,1095,1096,1097,1162,1099,1100,1101
720:1803
724:715,612,613,614
725:846,1716,848,849,850,1885,852,853,1441,855,856,1809,858,859
726:1431,1505,1433,1434,1435,1436,1507,1438,1439,1792,1441,1809,1874,1444,1445,1810,1823,1807,1449,1450,1451
728:2010,1865
738:1257
739:298,1877
741:2010
746:1386,1459,1204,1525,1996,1207
748:1946
763:1615
764:286,1882,500,289,290,1561
768:215,216
770:1454,1227
773:275
774:1768,1590,828,940,1978,645,325
777:1096,673,674,675,676,677
778:2000
785:1959,1350,1878,1352,1830,1393
789:1579
790:1789,1790,1791,1792
791:1952
797:678
798:2003
799:1942,2019
800:1774
802:778
806:1166
810:1807
813:1088,1089,1090
820:2010
821:1502
826:1828,1095,1162,1093,1096,1013
827:1579,933,934,935,936,1768,1538,1228,940,1789
837:1654
841:1614,1615
842:862,863
846:1970
847:1547
852:746,747,748,749,750,751,752,753,754,755,756,757,758,759
854:1879
858:803,1909
866:1360,2010
870:1938,1939
875:1513,2001
878:1878,1879,2000
882:1491,1492,2010,2011,1495,2016,1497,2013,1707
896:1467,1468,1469,1470
897:1897,1147,1572,516,1811,1812,1813,1814,1815,1821,1807
900:1970
902:1897
903:1874
907:760,761,762
908:1530
912:765,766,767,768,769,1254,771,772,773
913:226,227,228,229,230,231,232,233,234,235,236,237,238,239,240,241,242,243,244,245,246,247,248,249,250,251,252,253,254,255,256,257,258,259,260,261,262,263,264,265,266
914:843,844
917:1483
921:1978
928:1547
929:1833,1830,1832,2008
932:2010,1675,1323,1324,1638,1326,1327,1328,1329
933:1967,1968,1969,1970
935:1705,1706,1707,1708
936:1914,2000
945:1807
947:1572,1573
948:2010
949:1924,1789,1820,1914,1718,2019,1780,1513,1782,1876
955:1058,1059,2011,1061,1062,1063,1064,2010,1066,1067,1068
959:1863
967:1970,1377,1378,1379,1763,1691,1382,1464
969:1579
970:414
981:860
984:1596
989:1566,1608,1607,1569,2010
994:427,428,1004,430,431
1003:1308
1005:1969,533,534,535,536
1006:2010,2011,1860,1861,1862
1009:1808,1811,1812,1815,1813,1814
1013:1513
1020:1988,1964,1965,1966
1022:1994,946,1675,1275,949,1270
1024:1746,2010,1748
1028:907,63,64
1032:1689
1033:1513,1909,1878,1516
1040:1750,1807
1042:1871
1046:1832,285
1054:1431,1924,1436,1778,1792,1031,1513,1876,1716,1878,1959,379,1712,1750,1429,1427,1428,1814,1813,1820,1815
1058:861
1060:1476
1062:1407,1616,1409,1410,1411,1619,1413,1414,1415,1416,1417,1991,2007
1065:1820,2001,877
1071:1547
1074:1937,1767,1768,1769,1770,1771,1772,1773
1075:1878
1078:1911,647
1089:1820,1671,1672,1673,2003
1090:1978,1979,1980
1093:175,1252,177,178,179,180
1094:1937
1095:1923
1096:301,2010
1100:1878,1811,1812,1815,886,1814,1813
1101:1865,1609,402,2010,404
1103:1970,1561
1109:1969,447
1110:1475,1476
1112:1763,1970,576,577,1705,1708
1113:1955,801,802
1114:1629,470,471
1117:468
1118:986,1932
1120:1756
1123:512
1124:1808
1128:1823
1131:1234
1133:1472,196
1134:2003
1136:828
1138:1976
1139:1863
1140:1742,1743,1744,1745
1142:1562,1563
1145:1911,1758,1759,1760,1761,1762,1763,1764,1765
1147:1935
1149:1158
1153:2019
1154:1824,1710,2001,1712,1291,1909,1899,1722
1166:1375
1168:1865,2010
1169:1579,1069,2001,837
1173:1887,1888,1889
1175:1370
1176:1990,161
1177:1692,1876,1807,1212,1213,1814,1683,1909,1811,1812,1813,1815,1717,623,1805,1822,1801,1774,1825,599
1179:1771,1769,1538,1454
1186:2010
1196:1863,1864,1865,2010,2014,1868,1869,1870,1871
1199:2019
1202:1927,1212,1213,1214,1215
1208:2010
1209:1970
1210:1961,1962
1213:1101
1220:1937,1771,1547,1538,1722,1739
1226:1707,538,539,1665,541,542,543,544
1227:1627
1234:1302,1800,1304
1235:1736,1737,1758,1739,1740,1741
1236:600,2010,1805,1969,1064,605,606,2011,1744,2017,610
1239:193
1242:1924
1245:1876
1253:1874
1256:1095,1830,1832,722,723
1260:2010
1262:1599,538,1598,539,1986,338,2010
1267:1874,2003
1272:192
1273:1911
1274:1502
1278:1807,1733,1579,1732
1280:1818
1283:149,1563,151,1096,677,673,155,156
1289:1598,1599,125,539,2010
1294:1278
1295:1431,1823,1145,1400,1479,1789,1942
1296:1969,1710,1803,1712,1824,1817,1715,1716,1717,1718,1819,1801,1976,1722,1805,1724
1297:803,1712,1430,2019,807,1426,1683
1303:954,1095,956,957,1525,959,960
1309:1796,1386,1785,2010
1314:1371,1372,2016,1374
1321:1547
1323:845
1327:462,1434,2001
1330:91,92,1112,1707,95,96,1279,98,99
1335:1616,1617,1618,1619,1620,1621
1339:1252
1356:1891,1945,1893,1894,1903,1896
1362:963,1904
1365:1679,1680,2011,1682
1367:1707,2011,1818
1370:1253,1254,1255
1374:545,2011,547,548
1377:1809,1479
1382:1598,1599,1600,119,733,121,122
1384:1923,645
1394:1911,1765
1401:47,48,2007
1402:1655,1656,1939,1658,1659,1660
1413:874
1420:1982,1983
1422:1917,1918,1919,1920,1921,1922
1428:1877
1435:1909
1439:1471,1472,1930,1474
1440:1459,1793,1461,1462
1448:128,1792,1435,1817,1805
1449:308,1675,310
1454:1264,1265
1455:1879
1462:995
1466:1977
1467:274
1469:1651,1878
1471:1801,1802,1803,1804,1805,2019,1807,1808,1809,1810,1811,1812,1813,1814,1815,1816,1817,1818,1819,1820,1821,1822,1823,1824,1825
1476:1878,1914,1651,1438,716,1874
1479:1730,894,895,896,897,898
1486:1170,1790,1072,1716,1717,1878,1811,1817,1808,1483,1710,1081,1724,1812,1814,1813,1815,1147
1487:2003
1488:1209,1937
1490:1677,2010
1494:704,1716,1363,1710,1801,1724
1499:1695,1970,67
1505:1899
1506:1937
1507:1268,1675,1270,1271,1272,1930,1274,1275,1276
1513:654
1514:1953,1954,1955
1520:1872,1873
1521:1807,1716,1878,1819,1811,1812,1813,1814,687,1815,1810
1526:1934
1534:1635
1548:1599,2010,1598,1535
1550:1429,1431,1878,1170,1683,1428,1811,662,1812,1813,665,1814,1815,1704
1552:2019
1557:889,1099
1560:1237,1818,1780,1513
1561:326,327,1145,1878,1830,331,1755
1563:1883
1566:1416
1572:1916
1574:1538,1454
1581:2000
1583:1771,1590,1768,1592,1593
1586:224
1587:1692,695,1924,1792,1445,1876
1595:996,1798,1155
1600:1683
1613:1884,1885,1886
1614:453
1618:1014,1015,1525,1017
1620:499,500
1624:2003
1627:1937
1635:1502
1638:1914
1641:1878,1516,1728
1644:1651,1959,1878,1879,2000
1647:1683
1649:2003
1654:1937
1655:1483
1657:146,1778,220
1659:690,691,692,693,694,695,696
1664:307
1668:2000
1671:2011
1672:2010
1673:1879
1681:1404
1683:1924,1808,1436,1434,1824,1439,559,1438,1444,1451
1684:1431
1688:1914,2000
1693:353,1846,355,356
1699:1876
1700:1821,2010
1701:1805,1874,1914,1431,1710,1513,478,1572,1813,1811,1814,1876
1702:389
1705:1505,1897,1513,1805,1393,1394,1395,1712,1802,1398,1399,1400,1816,1876,1403
1708:1635
1718:1445,1160
1719:2001,1950,1778,1819,1780,1942
1731:1878,716,861
1734:1971
1736:1973
1739:2010,1970
1740:1315
1741:2011
1744:1982,1313
1747:1594,1595
1748:802,1924,360
1751:1564,1565
1752:1342,1343,1344,1345,1451
1755:1972
1757:1229,1830,1833,1832,1233
1759:634,635,636
1763:2010
1764:1155,1156,1157
1772:2019
1775:2010
1776:1707,81,82,83,848
1791:1828,1829,1830,1831,1832,1833,1978,1905,1955
1793:1793,2010,1818,1796,1797,1798,1799,1800
1802:2003
1803:713
1805:1758,1311,1312,1313,1314
1806:1906,1907,1908,1909,1910
1809:1876
1818:1642
1829:1632
1831:1729,1730,1937
1834:1970,1969,1699,1694,461
1839:2003
1841:669,1740,1758
1847:1802,1899,1820,1780,1808
1849:1994
1853:1547
1856:1898
1867:1890
1870:1296,1297,1298,1299,1393,1301
1890:1924,1820,1780,1916
1891:2010,1929,1930,1931,1932,1933,1934
1893:1927
1899:2004,2005,2006
1900:311,312
1901:1778,1170,485,220,1874,1352,223
1907:484,485,2003
1910:1995
1918:1266,1267
1922:1531
1923:1395,1572,1820,1735,1807,1774
1927:1004,1005,1006,1618
1929:1970
1930:2018
1934:1988
1944:1914
1950:774,775,776
1952:1547
1956:1807
1961:2007,1989,813,814,815,816,817,818,819,820
1964:1878
1966:1277
1967:1809,1476,1425,1426,1427,1428,1429,1430
1969:1687,1840
1973:1970,304
1980:2019,623,1879,1683
1988:2010,1575,1576
1992:2003
1994:1316,1317,2010
1998:1527
2004:1916
2005:1828,1162,1163,1164,1955,1166
2008:1879
2012:1996,1997,2010
2022:2007,2008,2009
2026:1871,1945
2028:1973
2036:1547,1937,781,782,828,1905
2039:1937
2043:1914,1878,1426,1780,1451,1430,1479,1942,1683
2050:2019
2051:1782,1783,1784
2059:1914,1876,1716,1400,1022,1479,1024
2073:1372
2079:2010
2081:1579,1513,1507
2085:981
2088:1894,1893,1648,1253,796
2089:36,37,738
