1:12596
3:11006,7484
5:9272,10198,9274
7:10124
17:12387
18:7998,8485
19:12319,12588,12487,11814
20:6537,11498,6539,6540
21:10846
26:11779,12380
28:9724,10974,11493,6776
30:11772,12514,12581,12515,12516
31:12515
33:12919
35:2309
40:12486,12498
41:6456
48:8871
50:11672,12415,12486,12250,12330,11296,12753,12493,12412,12490,12266,12491,12492,12546,12488,12414,12477,11708,9173
53:12621
57:12091,11880,9512
58:9643,9644,9645,9646,9647,10902
63:12881
66:12352,12902,585,586
73:11069,12438
78:12901
80:12397
83:12724,11938,12526,11936,12522,10987,11394
84:12919,12371
85:12593,12690,11717,12569,12908
92:5367,5368,5369,5370,5371,5372
93:12336
99:12852,12886,12792,12767,12679,12851,12846,12854,12861,12697,12698,3767,12643,5307
101:10202,12908
109:12758,10121,10122,10123,10124,10125
113:9803
115:12415,12376,12412,12482,12330,11538,12587,12417,1909,7751
116:12596,10733,12910,12107,12524,9880,8193,2615,2616,12501,2618,2619,2620,2621,2622,2623,2624,2625,2626,2627,2628,2629,2630,2631,2632,5835,2634,11367,2636,2793,2638,2639,2640,2641,12393,2643,12915,12391,2646,2647,2648,2649,2650,3378,2652,2653,2654,2655,2656,2657,2658,2659,2660,2661,2662,2663,2664,2665,2666,2667,2668,12394,2670,2671,9177,2673,2674,2675,2676,2677,2678,2679,2680,2681,2682,2683,2684,2685,2686,2687,2688,2689,2690,7329,2692,2693,2694,2695,2696,2697,2698,12211,2700,11717,11032,11503,9622,4237,2706,2707,2708,2709,2710,2711,2712,2713,2714,2715,2716,5981,5982,2719,5983,2721,2722,2723,2724,2725,4228,2727,5980,2729,2730,2731,2732,2733,9625,12150
118:11723,11724
125:12805
126:11049
127:8067
128:11538,12572,12380
129:12190,12830,9969,12301,12524,6222,6223,12204,8941,12522,12526
130:11263
134:11443
145:12092,12899,12898,12371,12042,12216,12422,12497,11311,12244,11313,12043,11490,11391,11392,11438,11319,11320
147:12319,12620,12481,12599,12834,11383,12042,12718,12690,11387,11388,12043,11490,11391,11392,11438,11394
150:10125,12805,12824,2002,12659,12794,12852
154:5157,5158
160:11996,4261,4262,12002,11335,12411
161:9526
163:4346,11063
164:12901
166:6360,11445,6362,6363,6364,6365,6366,6367,6368,12201,12830,6371,6372,11832,6374,12577,8093,6377,6378,6379
170:11550,11551,11817
174:12801
175:12908
182:9001,12621,11972,6299,10207,6290,11968,6300,5696,6297,12041,5699,7288,10493,10494,11997,11967,7203,12183
183:12154,12155,12156,12157
191:11126
195:12894,11082,11083,11404,11085,11086,11087,11088,11406,11090
201:12638,12792,12640,12698,12886,12643
205:12620,12621,12359,12041,10861,12184
206:12866,12188
211:12908
212:12764,12479,3904
214:12909,5288,5289,12211
220:12898,12464,12901,12801
226:12621
231:4842,4844
232:10043
233:11292
237:9272,11545,12908
242:12784,11760,11761,12351
247:12372,12375,12348,11152
250:10985
253:8121,11403,8123,8124,10938
261:11819
262:7098
263:12319,12172,12472,12251,12724,12502,12497
271:12825,12043,11490,12042,12575,10899,11815
272:11481
278:9615,11088,8465,12251,12588,12484,4370,12825,12414,12415,12480,11706,12546
279:12621
282:12205
283:12341,2299,2300,2301,2302,2303,2304,2305,2306,2307,2308
289:11772
292:12074
300:12363
301:6624
302:11294
309:11967,5805,12183
312:12758,12720,12816,12667,12668,12669,12670
316:12679,12854,7085,10114
322:12596,12319,12801,12472,12464,12825,12498,12898,3122,12571,12275,11063,12149,12150
323:2159
325:10606
330:330
337:12569
340:11951,11409
343:11879
348:12363,10861
358:12596,12397,10643
359:11545
360:11428,11430
361:12487
362:12908,12497
368:12151,6782,6783,6784
369:12752
370:8646,8647
373:12387
377:12363,11806,4258,12177
381:12919
387:12908
391:12543
395:12472
396:12415
398:12688,12319,12484,12620,12092,12571,11391,12194,11207,12196
400:12758
401:12161,12162,12210,12164,12165,12166,12167,12543,12169,12170,12171
404:11726
406:12487,8307,10902
407:9272,1327,11545
408:11438,12497
413:11545
414:7485
416:12465,12866,10983,11069
418:12290,10258
425:12908
428:11940,11941,11942,11943,11944
430:11967,10925,12621
436:12883,12884,12885,12886
441:9331,12524,11032,9334,9335
442:12898
445:12919,12498,12465,12434,12621
447:12442,2482,12908,11338,9159,10487
449:2535,11984,11049
451:6701
452:12041
453:12480
455:2011
460:6133
461:12143,10371,10372
466:11995,12866,12521,12581,11774
469:12908
475:10487
482:12321,12311,2800,11865
486:12784,12462
489:12908
490:11494
491:12919,12621
492:12484
493:12724,12412,12026,12091,12477,11538,12898,12499,12486,12718,11701,12397,11706
494:1031
498:12891,12063,12465
504:12321,12287
512:12908
517:12621
518:10638
519:12706,12792,11347,12886,12794,12900,11351,12612
525:12397
526:12041
532:9254
534:10150
539:12596,12415,12319,8299,10291,10290,11666,12139,12172,97,12572,12216,8812,8813,12573,11152,11429,11438,12265,8465,10864,10846,12753,10809,6110,12475,12571,12504,11313,11391,11392,11430
542:12812
543:12784
544:12387
548:9969,9970
550:9935
556:12919,8316
557:9900
559:12415,12472,12690,11211,7788
560:780
566:3285,343,8185,12074,346,347
567:12143
568:12448,8533
571:7975,6558,6559
575:9188
579:12204
580:12866
587:11284,7069,7070,7071,7072,7073,7074,12874,8333,11321,7078,7079,11997
592:9139,9140,11498,9142,9143,9144
598:12438
600:12865,11296,11297,11298,12443,11300,12411,11302
602:12499,12477,12465
607:7472,5774
609:8301
613:11546
620:12908
621:12787,12788
623:7079,9215,515,516,517
624:675
625:12758,12676,12850,12854,12851,10035,7092,12852,11351,7095,9325,12905
626:9915,9916,9917,9918,9919
628:12908,12003,1438,9411,1440,7849,1442,1443,3447,1445,12891,12776,1448,1449,1450,8677,1452,1453,1454,1455,1456,1457,1458
633:12298,5868,5869
635:6878,6879,12211,6881,6882,6883,12908
639:4717,4718
640:10249
644:7183
653:12908,11545,10197,9201,9202
656:5680,1382,1383
660:3892
666:12380
667:11954
669:12706
672:12006
673:11538,12251,12144,7498,11078,7258
674:11983
675:9935,12006,12908
679:4258,6099
683:11387,12438,12284
684:9969
685:12351
687:12620
690:11818
691:11498,11496,4455,4456,4981,6971,4459,6537,4461,4462,4463,4464,4465,6901,4467,12873
695:12621
698:12908,12909,12910,12911,12912,12913,12914,12915
702:12326
706:12153
709:12359,12620,12901
713:12589,7775,11404,7670,60,8123,11406,11087,4055,65,10938,10939,68,11400,11402,10941,10948,10949,7774,12524,3989,10945,10936,79,11429,4011,10950,83,11428,12620
717:10751,10752,10753,10754,10755,10756,10757,10758,12278,10760,10761,10762
718:12502,12464,12484
720:10879,12909,10881,10882,10883
726:12448
727:2065,10056,6767,11520,10037,3708,2071
730:2210
733:12041
735:12621,11966
736:12919,12198
742:11069,12465
744:7137,7138,7139
746:10132,12805
750:12177
751:8752
753:12151,12363
759:11726,11730
763:12720
768:7450
775:11776,12866,11774,3910,12188,4124,7534,6287,3915,12291,3917,3918,12540,3920,3921,6424,3923,3924,3925,3926,7684,9174,12865
776:12795,12792,4505,11351,636
780:12919
781:10392
787:9732,9905,12479
790:12202,12204,12522,12205,6859,12829,9706,9970,12830,9711,6858,12301,12201
809:12026,12482,11829,12620,12477,12412,12587,12484,12434,12588,12266,12092,12090,12035,12465,12919,12899,12415,12480,11726,11701,12397,11700,11706,10720,12265,11344,10467,12193
816:12412,12498,12620,12139,12621,12587,12266
818:12497
820:11823,11161
822:12786
825:12784
827:10057,10015,12838
828:11790
838:12691,12692,12693,12694
839:12465,12527
842:12343,12216,12321,12620,12143,12498,12370,12371,11936,12486,12464,12834,12340,12397,11707,10355,11938
847:1434,1435
848:6886
850:10302,11808
851:8225
853:12471,11623,12279,11625,11626,11627,11628,12453,11630,12786,11632,11633,11634,12368,12369,11860
858:12172,12319,12599,12718,12620,11383,12690,12273
859:11873,3939,8093,11831,3942,3943
861:12587,12251,12472,12477,12266,12491,12492,12493,12546,12139,12490,11737,5001,12486,12351,5805
862:12351,12352,12714,12354,12355
867:12784
872:11841,12495,10798,11206,10809,11927,12372,11152,11170
873:12839,5044
876:10774,12784
877:12522,12526,12204,12527,12201,9706,9711,12205,6858,6859,12202
882:12143
885:12486,10004,10005
887:12041
889:12852,5380,12678,12767,12757,12679,12886,12758,12851,5388,5389
890:12908
892:12487,12499,12319,12599,12265,12266,12464,12475,12472,12270
895:11826,12908
898:12621,12047,12908
899:12415,12486,12487,1010,11430,12490,12491,12546,12492,12493,12121,11700,11692,12172,9002,12498,1023,12325,12035,12489,8485,10484,11207,9555
900:12640,12609,12610,12611,12612,12613
906:12814
907:12621,12110
912:8351,8352
914:12143,10916,12247,3055,8906,11095,10938,3059,12266,12229
919:12784
925:11791,12908,12909
926:10258
927:12498,12866
928:12597
934:12301
941:12571,12570
945:12265,12724,12472,12801,12620,12597,12486,12498,12371,12464,11430,12343,7442,11672,12477,12898,12484,12216,12144,12465,11708,12149,11815
947:12659,12805,12616,12617
948:12222,12223,12224,12225,12226,12227,12228,12229,12230,12231,12232
949:12853,10125,9487
950:10892,12543,9694,6345,9414
952:9074
953:12898
972:12908,11545
973:11477
974:12827
981:12901,12919,12251,12898,12151,11980,5805
984:12486
986:9173,12503,11880,9615,12472,12340,12484,12620,12477,12499,12090,12825,12091,12590,12412,12465,12177,12092,12591,12596,12265,12414,9619,12504,12183
987:12765,12766
991:12908
992:12041
994:12621
995:12849
1000:12472
1004:10974
1005:12850,12886,12758,12679
1007:4512,7313,4514,8753,4516,4517
1009:9013
1011:12621,12919,12091,11779,12897
1012:12718,10861,12901
1015:11462
1016:10089
1024:11473,12792,12672,12678,11477,11478,12720,11480
1025:12415,12502,5877,5878,5879,5880,5881,5882,5883,5884,7321,5886,5887,5888,5889,5890,5891,5892,5893,5894,5895,5896,5897,8457,5899,10537,5901,12753
1033:8074,8075
1034:12599,11729,11730
1035:12526,11873
1042:12351
1044:8418,8419,8420,8421,8422,8423,8424,12575
1046:12573,7487,7488,7489,7490
1048:7315,12718
1049:12465,12587,12486,12266,12477
1057:1726,5279,12462
1058:6462
1062:9230
1063:11997,6299
1066:9229
1068:12872
1070:12319,12898
1073:12908
1077:849
1081:5299
1083:12336
1086:12908
1090:12688,12340,12414,6771,12490,12491,12492,12493,12546,12574,12486
1091:12852,12850,10122,9325,12767,12886,12698,3813
1095:12250,12571,12801,12247,12499,12266,7366,12196,7288,12042,11997,12309,11967,4268,12690,7369,11287,12035,12621,12043,12421,11490,10856,9031,11294
1105:12486
1109:12462
1115:12874
1120:12302
1124:12527,12524,12526,12906
1126:12908,11791,8802,8803,11265,8805,8806,8807,8808
1128:12498,12620,12898,11344,7373
1130:12901
1134:3446,3447
1137:12620,12724,11319,12363
1143:12408,12409,12410,12411
1144:12561
1151:12781,12791
1152:12865
1159:11772,11995,12543,8884,12171,11612,11997
1160:7447,1779
1166:11772,12579,12866
1167:12588,12484,11271,12825,12266,12421,12341,4044,4045,4046,4047,4048,12524,4050,10635,4052,4053,9800,4055,4056,12562,7337,7336,4060,4061,4062,6243,4064,4065,4066,4067,4068,4069,5915,6307,4072,4073,4074,4075,4076,4077,6284,4079,7684,4081,4082,4083,4084,4085,4086,4087,12216,12525,12397,4091,4092,11700,4094,10605,4096,12309,10308,4099,4100,4101,5901,4103,12470,4105,4106,4107,4568,11717,4110,11117,4112,4113,4114,4115,4116,4117,7442,11689,12260
1174:12908
1178:6698,715,4254
1181:9215,8755,8756,8757,8758,12326
1185:12792,12616,12850,12804,12769
1188:8309,10028,8311
1192:8218
1195:6477,12495,12373,12375,10622,12488,12380
1196:12465
1198:12273
1203:12490,12491,12493,12492,12546,12596,11936,12348,12620,12587,12376,11015,12499,12091,12090,12465,11663,12086,12825,12382,12092,11938,12589,11672,12266,12343,12434,12489,9472,12590,12591,10243,12035,11206,11207,12477,12137,12486,12026,12216,12107,12504,12422,12144,7744,11701,11700,11706,3112,11063,10354,11708,12265,7751,11029,10467,6617,11319,3122,3123,3124,10864,11120,7457,8343,11814,3130,3131,12183,7373
1204:10231,10232
1211:11354,11355
1216:3708
1218:11567,12486,12041
1220:12298,12908,12300
1221:8727,6081,9562
1224:12284
1225:12792,12767,12795,12794,12886,7038,5350
1233:12581,12387,11194,11195
1234:12319,12718,12620,11383
1236:12330,12486
1237:9800,9938,9802,9803,9804,9805,9806,9807,12351
1238:5552
1239:12569
1244:12908,4427,854,4414,12525,12831,11997,859,860,861,5836,863,4047,12241,6087,867,868,869,870,871,2919,873,4035,12462
1245:11984
1247:11023
1249:10028,9399,5478
1254:12341,12465,12107,12497,12266,7821,11436
1255:12724,12897
1256:11973
1259:12266
1263:12784
1266:5170,5171,8610,12523,11414,9401,12909
1268:12188,12448,12277,12521,12865,10608,5170
1276:12216,11768,10207
1278:12351
1279:11983
1283:5496,5497,12448
1285:12597,12801,12599,12901
1287:12543,5009
1291:11006,12196,11875,10856,12150
1295:12319,12322,12309,12321,12311
1297:12275
1299:5109,12851,2201
1300:12194
1301:12919,12250,12585,12144,11980,12901
1304:12908
1305:12830,12201,12205,12204,9706,6674
1314:12620
1316:10987,11394
1321:12919,11968,11972
1327:8087,8088
1333:10485
1336:11779
1340:12472,10260
1341:12908
1343:12706,12886,652
1348:12497,12054
1354:12472,12599,12483,12302,12303,12497,12481
1357:11865
1360:12371,2888,2889
1365:9939,9940
1369:12657
1371:6491,12866
1388:5203
1389:9173
1391:12387,12657
1395:5707,12352,11875,10789,4009
1396:12563,12908
1399:11763,11764,11765,11766,11767
1400:12415,12499,11206,12801,11768,12380,12498,10720,12438,12337,11171,10724,10725,11258,10727,11730,10729,10730
1405:11206,7525,7526,7527,11666,7529,10568
1406:12865,12866
1411:10487,9792,9793,2824,11327,2826,2827,2828,8906,4188,2831,2832
1412:10631
1413:12497,12908,12455,12462,12458,2919,11804
1415:10234,10235,10236,10237
1416:6165,6166,6167,6168,6169
1418:11737
1419:11769,12188,12519,12515
1427:12621
1429:7829,7830,12448
1430:10646
1431:12908
1435:520,521,522
1440:25,3946,27,11211,12575
1441:11717,12897,11719
1442:10207
1446:9824,12462,8198
1450:12434,11387,12177,12153
1455:12621,12620
1459:9512
1460:12705,12758,12852,12794,3763,7038
1462:12144
1464:12090,8338,8339,12086,8341,11029,8343,8344,8345
1466:12497
1467:11865,11866
1468:12458,12908
1469:12908
1472:12621,11779,4296
1473:12465,12577,9130,12071
1474:7849,12593
1478:8400,12381,12495,8403,12379,10798,12378,12372,12377,8409,8821
1483:10974
1493:12513,5068
1494:12497
1497:12309,10646,1933,11692,12908
1501:11776,12825,10551,11876
1504:12363,10809,11760,12351
1505:12792,11517
1507:7531
1517:12525,11791,6086,6087,8677,6089,12593,12462
1520:12684,12854
1525:11617,1252,1253,6278,10552
1526:11951
1528:10974,10450
1529:12172,12502,12251,12319,12599,12177,12372,12179,12180,12181,12284,12183,12184
1531:11813
1532:12711,7133,5239
1533:6352,12322,12898
1536:12901
1539:11806
1545:6110
1550:12825,12621
1551:12900
1562:12250,12898,12371,11208
1564:10069,12721,10071
1567:789
1569:12852,4807,12679,12677,12886,10114,3783,6900
1571:12156,10249,11362,10251,10252
1572:6624,12713
1580:12394
1582:12755
1584:4605,12909,4607,4608
1585:12909,9724,12070,8610
1586:12177,12137
1587:9935,12464,12908,12801
1592:10684,12465,12499,12825,12498,138,12872,12216,11327,12621,12571,12150,12035
1604:12412,12898,12825,12465,12266,12042,12477,12043,11490,11491,12153,11493
1605:9441
1609:12092,11997
1611:10175,10176,12786,10178,10179,10180
1612:12688,12265,12415,12753,12587,12319,12484,12330,12340,12486,12898,12250,12414,12499,12487,12082,11538,12092,10297,12596,12919,12480,12590,12491,12546,12620,12371,12490,11666,10291,10290,12376,12380,12492,12493,12397,12035,11880,12489,9619,12504,9031,11719,11029,8409,10354,7966,10864,11814,12150,11294
1619:12908
1620:12412
1623:10188
1626:12251,11956,12177,12244,12198
1628:12790,12770,12699,10055,10056,10057,11517,10059,12707
1632:12864,12894
1633:12465
1637:12319,12434
1641:6508,6509,6510,6511
1642:12620,12137,12412
1644:12908
1645:12908,3971,3972,3973,3974,3975,3976
1647:9659
1651:12854,11040,12776,9705
1655:2163,12839,665,666
1656:12380
1659:12486
1661:9011,9012,9013,9014,9015
1665:12539
1667:6098
1674:10637
1675:12805,12711,12792,12852,10078,5440
1676:10720
1679:7119,7120,3514,12441,7121
1680:12587,12265,12724,12477,12397,12082,12465,12480,12415,12086,12620,12266,12484,12090,12091,12092,12371,12491,12499,12412,12486,12492,12493,12546,12144,12343,12489,12104,12490,12434,12107,12504
1688:8189
1693:12908,11338,11339,12047,12569,12497
1702:12898
1704:12753,10477
1705:12784
1708:8015
1713:9724,12524,10207,12484,10221,12718,11445,3291,11413,11700,12596,12480,12486,11938,11663,12490,12491,12546,12492,12493,11206,12434,12397,12465,10902,11737,12501,11136,12422,11936,11717,12621,12309,12074,12107,12150,12504,12183
1717:10174
1719:10151,10146,10147,10148,11988
1723:11120
1724:12620,11503,11504
1731:12907,11791,12593,6563,12326,12003,11804
1734:2206,2207,2208
1743:12434
1746:12543,9188,12866,9696,12171
1751:10487
1752:9635,6692,6693,6694,8650,12581,12561,6698,8651,6700
1753:12499,12524,12265
1755:12091,12319,10809,12575
1758:12908,12910
1761:12070,12071,12072,12073
1762:12894
1763:12376,12482,12587,12499,12414,12572,11538,9472,12250,12718,12266,12397,12477,12144,7751
1765:12908,10028
1766:10646,12908,12309,9910
1768:8723
1770:12326,8041,8042,8043,12784
1776:12581,6619,12908,11769,12515,12423,11772,12189,12544,10775,12521
1779:12919
1780:12662
1784:11991,12047,12908,4786,4787,12211,12054
1785:12747,12768
1792:12885
1793:12606,12839
1794:10455
1796:9821
1803:10218
1804:12621,12041
1810:11737,8684,12753,10846,11082,12596
1814:11817
1817:11772
1820:12188
1822:12908
1826:12753
1828:9640,5015,11990,5017
1830:12908,2777,10207,8189,12265,2781,12907,11367,9173,12561,6858,2787,2788,2789,2790,2791,2792,2793,2794,2795,2796,12150
1841:12585,12139,12397
1847:7823,7824,7825,7826,8302
1848:12497
1853:12326,555
1854:12620
1855:12657
1859:10974
1863:8895,10893
1867:12620,11383,12273
1872:12216,11742,12825,12341,12337,12475,12422,3272,3273,11748
1880:12499,12585
1884:12380
1885:12784
1888:8572,12908
1890:12380,12571,12570
1891:9323
1892:12898,12585,12198,11493
1897:12822,12805,12646
1898:12575
1900:12376
1904:12503,12348,12587,12482,12343,12688,12177,12486,11938,12898,12477,12251,12498,11663,12590,12591,11666,12825,12484,12499,12464,12373,11672,12319,12502,12491,12492,12493,12546,12490,12465,12919,12397,12620,12270,11749,12026,11687,12092,11689,11690,12753,11692,12422,12371,12472,11936,11697,11717,11699,11700,11701,12179,12180,12181,11705,11706,11707,11708,11709,11710,12351,12149,11713
1906:9272,11545,10198,12908
1907:12908,12563
1909:12351
1912:11494
1914:4204,11692,7366,4268,12486
1918:12792,12886,9363,12668,10115,9531
1923:12908
1926:12047,12035,9724
1927:12872
1929:2768,12908,2770,12006,2772,2773,2774,2775
1933:9478
1937:12250
1939:9290,12188
1940:12866,6441,12541,8086,5563,5564,6177,12189,5567,9062,12274,10558,5571,5572,5573,5574,5575,5576,5577,5578
1941:471
1944:12484,12724,12139,12503,12587,12490,12491,12492,12493,12546,12588,12620,12266
1947:12574,12908
1950:11491,12351
1951:12172,12688,12319,12484,11666,11155,12376,12091,12481,9472,12270,12092,12495,12596,9619
1954:12250
1955:5735,12524,12904,6558,12153
1958:12778
1962:9399,12514,2360,12289,8038,9949,2364,2365,2366,2367,12689
1977:8216
1979:12482,12216,12397,12620,12499,12587
1983:12908,12690
1984:12587,12503,12487,10733,12484,12501,12489,12493,12546,12491,12492,12490,12107,11206,12504,11700,10475,11692,12309,5980,5981,5982,5983,5984,9625,9177,11690,9622,12872,5990
1985:12247,12139,7366,12042,10899,7369,12043,11490,11391,7373
1994:10450
1999:812
2000:11406,12069,4793,11083,4795,11082,11404,11086,11087,10355,11085
2004:9989,9990
2006:12901
2008:8216
2009:12852,10115
2016:12035
2019:12865
2020:10903
2027:6264,6093,12834,11865
2030:12351
2038:12908
2041:12184
2042:4391,12543,11776
2044:12690,12908,11206,11717
2046:7790
2055:12578,12514,796,12581,5573,799
2056:12908,12497
2057:12908
2067:10893,12471
2069:12620
2070:12190
2073:12472,12477,12414
2074:12499,12502,12498,12198,12571,11209,12047,10951,8409,11207,7761
2075:12250
2076:12621,12499,11815
2077:11015,12035,12265,12371,11019,12343,11021
2078:10975
2079:12294,12295,12296,12524
2080:12901
2087:12715,12716,12717,12718,12719
2097:12620
2101:5994,5995,5996,8421
2103:10968,12415,12486,10974,11663,11102,8458,12502,12589,12251,11490,9622,10976,12899,12115,2753
2104:10551,10552,12581
2106:12278,12279,12784
2111:10224,10225
2113:12499,12621
2117:10974,12380
2119:12688,12898,10974,10450,12522,10631
2125:12620
2126:12465,11689,12484,12801,12825,12266,7467,2840,2841,12412,12590,7304,12477,10243,12591,11438,2849,11136,11690,12244,12718,12690,9127,11313,11319,10864,7373,3131,11730
2132:12713,12714
2133:12499,12319,12898,8414,12194,11927,11294
2134:12621,11726,12571,686,11966,688,689,7472,691,4271,11709,12919
2135:11726
2137:8567,8572,8569,8570
2138:12422,12110
2139:9776
2142:12216
2145:12898,11294
2153:10571
2154:6127,6128,6129,12908,9272,10198
2156:11207
2158:12872,11493
2163:12587,12724
2170:2560
2172:12319,12620,12481,11383,11394
2173:12180,12181,11977,12373,12179,11980,12229,12901
2175:12886
2176:9376,11428,5721
2177:11818
2178:12150
2180:12866,12188
2181:12590,11152,12480,12265,11155,12498,11394
2182:8165,12091,9512
2184:3291,3292
2190:6635,6636
2195:11880,12477,12596,11270,12801,12091,12092,11663,12724,12499,12412,12498,12266,12465,12502,12464,12571,12397,12901,8712
2196:12543,2479
2197:12521,12513,12514,12515,12516
2204:11496,11497,11498
2206:12465,12042,4268,11490
2208:12150,2402
2209:10608,12865,12041
2211:10396,11513,10398
2213:11818
2226:11768
2231:12908
2232:12472,12251,12104,11865,10494
2233:12883
2235:12251,12898,12472,12434,12275,12621,12575,12153
2241:12908,3665,4437
2247:12351
2248:12784,11807
2256:12183
2257:12486
2260:12908,10396,12724,12897,9162
2262:12488,12266,9577,9578,9579,10291,10290,10472
2266:12621,11967,11968,11972,12041
2274:12177
2278:12415,12487,12343,12753,12724,12319,12587,12330,12251,12477,12498,12801,12250,12480,12340,12489,12412,11538,12597,12825,12091,12270,12464,12502,12266,12092,12177,12465,12898,12484,12499,12472,12486,12571,12718,11701,12026,12397,11706,12265,12309,12504
2280:12266,12250,11768,12572
2281:11448,12719,12296,12864,12715,9520,12831,12811,9523
2284:12330,11402,12499,12597,10933,12620,10935,10936,12382,10938,10939,12475,10941,11708,12047,10944,10945,12524,10947,10948,10949,10950,10951,10952,10953,10954,11120,12480
2286:12792,12685,12720,12886,10065
2289:12532
2294:12159,11617,12908
2297:3584
2298:9877
2300:12291,11774
2301:11412,11413,11414,12865,12412,12115
2302:1112
2303:12908
2305:12908
2306:12621
2308:12151,12472,11927,4165,12152,12153,12177,7484
2309:7025
2320:9873
2322:12714
2323:4925
2324:12319,11006,12898,12150
2328:12110
2331:11011,12792,12886,12850,12758,12747,10035
2332:11136,10902,10297,11095,12309,11538,12035
2333:12569,12811
2335:12853,12790,12791,12792,12793,12794,12795,12886,12797,12798
2337:3134,3135,3136,3137,3138,3139,3140,3141,3142,3143,3144,3145,3146,3147,3148,3149,3150,3151,3152,3153,3154
2342:11865
2344:12351,12784,12354,12355,12352,12714
2346:12753,12588,12484,11726,12477,12266,11700,11692,10243,11344,12193
2349:12854,1246,1247,11757,6239,12776
2350:12724,12620,9578,12464,12265,10472,12371,12801,12465
2354:12919,12380
2358:11826
2359:12621,10861,11815
2360:6640,6641,9653
2361:12908,9880,4750
2363:12489,12092,12484,12090,12035,12465,12371,12193
2365:8131
2367:12727
2368:12919,12434,12621
2374:11049
2380:12784
2381:12753,11207,11972
2386:11860
2388:12438,11095,12144,9031
2393:11700,11692,12309,11325
2394:7021,12839,12758,7024
2396:11873,8380
2399:11818,11806
2400:10976,9048
2402:12387,12388
2407:12250,10828,10733,11819,11207
2412:12193
2413:12563,9401,12908,11804
2414:12499,11504
2415:12462
2417:11545
2420:12753
2424:12543
2428:1487,12544
2429:2989,8385,2991,2992,2993,2994,2995,2996,2997,2998,8384,3000,3001,8383,3003,3004,3005,3006,3007,3008,3009,3010,3011,3012
2430:9130,12830,8160,12205,12893,9931,8164
2432:11403,9288,9289
2435:12486
2437:12891
2438:12620,12412,12588,11170,11171
2448:12794,12839,580,581,582
2450:10562
2454:9915
2455:7120,6140,6141,6142,6143,6144,11876,7121,6147
2457:11771,3883,3884,11769,11774,5573,12211,12516,10485,12054
2465:12302,12303
2469:9878,12908
2480:9986
2483:11506,12758,12684,12616,12697,12852,12851,11513,11514,12768,12886,11517,12678,12767,11520
2484:6771,12319,12340,12322,12321,12801
2492:12621,12499
2494:12587,12498,12487,12480,12491,12492,12493,12484,12546,12490,12919,11206,12481,12483,12599,12501,11690,12107,12504,9177,11700,11692,12486,12489,12497
2496:12891,11206,11095
2497:7727,12574,12379,4300,12381,12265,11327,11207
2498:12908
2501:10195
2510:12205,12522,8594,8595,9706,12204,8598,8599,9970,8601,8602,8603,12202,9969,10616
2511:12805,12755
2516:12041,12110
2521:6632
2533:5531,10655
2534:1718,11126
2536:5644,11968,5646,11972,11387,11258,5650,11259
2546:12909,11617,11640,11335,11336
2550:12371,6000,12487,10494
2552:12597,12571,11768,11078
2554:12805,10090,5354,11506,5114
2565:11726,12266,12091,3876,12897
2572:5998,6771,6000,7752
2573:8922,1753,12543,1755,1756,3960,6438
2576:12571,12266,12434,12422,10308,12035,10310,11730,11815,10313,12184
2578:12621
2582:11473,12884,12758,12839,6892,6893,12886,10114,10035,6897,12852,12670,6900
2586:12363
2588:11095,7523,2526,2527,2528,2529,2530,2531,2532,2533,11272
2589:5278,5279,5280,5281,10395,12092,12279,5285,5286
2593:12757,12758,12839,12886,12761,12762
2594:12490,12486,7521,12546,12491,12493,12492,12801,12620,12587,12487,12724,12319,12251,12499,12091,12090,12134,12465,12086,12503,12825,12464,12092,12177,12498,7304,12265,12477,12472,12266,12343,12489,12397,12035,12137,11700,12107,12321,11117,12422,11689,11029,12718,11019,9619,12621,12421,12194,6617,2453,10862,10987,8343,3131,12153,12149,12150
2605:12412,12465
2606:12908,12309
2607:12620,12897,12621
2617:12909,12908
2618:12908
2619:9478
2620:12072,10546,10547,10548,10549,12462
2626:12472,12251,12825,12575,11927,11814
2632:11618
2633:12784
2634:11972
2636:12908,12893,12054
2637:6803
2645:12319,12340,12251,12724,12472,11971,11730
2647:12074,11700
2653:12193,8331,8332,8333,8334,8335,11876
2654:12543,11611,11612,12161
2655:6710
2662:11666,12415,12825,12573,10475,8165,11428,12035,10687,7221,11719,5805
2663:11983
2667:12908
2668:12527,12524,12522,12526,12811,11148
2673:12216,12597,12373
2680:12522
2682:11781
2684:12343,12265,12753,12026,12487,12341,12486,12177,12134,12502,12898,12477,12397,12472,11538,12724,12319,12091,12587,12415,11270,12250,12919,12620,12825,12503,12412,12464,12465,12270,12597,12251,12340,12480,6937,12499,12801,12504,12489,12718
2688:12784
2689:12092,11967,11257,11258,11259
2690:5669
2696:11860,8649,8650,8651,8652,9867
2700:12752,9512
2701:11819,11429,10257,10487,3869,6701,3871,3872,3873,3874,9578
2702:8038
2703:12866,12188
2706:12458,11791,12455
2707:12909,12908
2709:9145
2711:11806
2713:12784
2715:10487,4186,9792,4188,4189,4190,9793,4192,4193,4194,4195,4196
2716:12830,9970,9706,12204,9349,9969
2717:12006
2718:12392,8383,8384,8385
2722:12714,10249
2724:11776,11737,12544,12189,12521,12581,11742,12423,12188,11769,12515,12519,11748,11749
2727:12816,12817
2728:12908
2729:12834,12620
2730:4181,4182,4183,4184
2736:788
2740:11995,11996,11997,11998,11999,12000,12001,12002
2743:12894
2744:8451,11271,12091,10987,11493
2745:4956,4957
2750:12872,12115,12151,11880,5512,12153,10789
2754:12486
2756:2264,2265,12811,2267,2268,2269,2270
2766:8989
2768:6887
2769:12908
2770:12825,12621,1870,11726,7916,12359
2779:9512,6355
2780:12658
2784:12412
2785:12834,12620
2786:3371
2788:12909,12005,12006,12007,12008,12009,12908,12011,12012,12213,12014
2790:12373,10514
2792:5888,12035,9724
2803:12588,12465,11102,12464,12139,12270,12498,12143,12483,12599,12481,11768,12825,12571,12724,12397,11493,734,3122,11927,11997,12284,12244,7821,11118,10951,11438,12110,12575
2810:12503,12104,12412,12486,12834,12620,12499,12415,12465,12287,12091,11692,12144,11387,11980,12901,12153
2814:10764
2815:12115,12117
2816:11690,11880
2817:12152,11730,12150
2818:12706,10080,12792,12619,10035,12704,2124
2821:12805,12854,5111,4702,4703,10116,12905,10079
2822:6645,6646,6647,10198
2823:12764,10174
2825:12041
2829:11023
2830:1804
2831:10487,11327,10489
2845:12908
2849:12581
2850:12371
2852:12919
2855:9159,10396,9720,9162,12724,12287,12908,12897
2861:4009,12811,11294
2862:12374,9266
2863:12502,10355
2865:12898,12718,12753,9880,12412,12434,9215,12503,12091,12872,12092,12477,12489,12486,12690,2885,12193
2866:12352
2869:10487,8906
2870:12898,12321
2876:12908
2885:12303
2890:10189,10190,12729,10192,10193,10194
2900:12287,12522,11207,12082
2901:11772,12581,12189,11995,11774,11769,12521,8673,8674
2902:12658,12659,12655,12656
2904:11791,10452,10453,12908
2905:12340,12486,12718,11413,12201,12865
2908:10928,12119,8941,12118,8943,12865,12893
2909:4991
2912:12396
2920:12003,12908,10202,6488,6489,6490,6491,6492,6493,6494,6495,6496,6497,6498,6499,6500,10452,6502
2923:7051
2924:12201,12204,12202,12411,12205,11789,11790,11791,11792,11793
2928:12908
2935:12585,11280,11281
2937:12753,11082,11088,11814,7355,9893,10846,11737,11493
2939:12899,12690
2940:12706,12805,10102,12795,12684,12737,12850,12822,11513,7126,5221
2945:3332,12216,11938,11117,12465,12266,12341,12502,12251,11700,12484,12397,12897,12421
2946:1780
2948:12908
2950:7773,7775,11402,10948,10945,12524,10949,10950
2951:479,480,481,482,483
2952:10902,10903,10904,10905,10906,11313,10908,10909
2955:4612,12156,4614
2956:12368
2961:12908
2964:12839,12852,12679,10035,12886,12668,12698
2965:3859
2968:12714
2976:9711,9706,4556,4557,6674,4559,4560
2979:2010
2981:216
2982:12251,12415,12486,12250,11663,12412,12465,12620,12587,12091,11430,12266,11672,10622,11700,9555,12107,12035,11708,11028,12150,11493
2985:12898,12177,12472,12464,12571,12801
2986:11705
2987:12589,10745,12181,12180,11977,10594,12179
2991:12359,12497
2992:6290,10475,5925,5926,5927,5928,5929,5930,5931,5932,5933,5934,9177,5936,5937
2995:12324
2998:12908,9274,9272
3002:12479
3004:11997,4271,11806
3005:5337,5338,12758,12767,12685,12679,12886,10037,12680,12854,12795,5348,11506,5350,7126,12768,12849,5354,12769,5356,5357,6329,5359
3011:6873,6874,11300,6876,6877
3012:3892
3013:9395,11335
3015:12908
3017:12340,12250,12343,11692,11491,12718,11319,11294
3023:12908,12300,12298
3025:12917
3026:11105,12236,12477,7373
3027:11997,9853,9854,11760
3034:12919,12465
3037:12412,12503,11493,9215,2172,2173,11282,2175,2176,2177,11414,12368,12572,12620,11726,12251,12193,12546
3038:11880
3039:12321,12589,12143,11567,10745,10859,10747,10862
3040:1897
3043:12831,12832,12833,12834
3050:12041
3053:783,11860,785,11633,787
3054:12588
3057:9377,9376,757,758,759,760,761,762,763,7520,10487,766,767,12575,769,770,771,772,4086,774,775,776,777,778,779
3064:12784
3068:12621
3074:12891,12462
3075:12576,11594,11586,9905,11581
3076:3952,3953,3954,3955,3956,5832,3958,3959,3960,10194,12543
3077:12737,12738,12805,12740
3079:12573,12382,10687,10987,12150
3080:12472
3081:12908
3082:11538,12177,12908,12801,10631
3083:10278,10279
3084:12879
3085:11827,9876,9877
3090:1584,12543,9188
3092:11050
3095:11406
3097:12581,12908
3101:7523,2562,11430,12046,11095,10472,5548,11429,7158,2570,2571,2572,2573,2574,2575,12071,2577,2578,2579,2580,2581,2582,2583,2584,2585,2586,2587,2588,11206,10308
3102:12486,12188
3104:12319,12718,12438,12497
3108:992,993,994,995,996,997,998,999,1000,1001,1002,1003,1004
3109:12866
3111:12865,9921,12293,12288,9924,9925,9926
3114:4691
3121:12434,12177
3125:12621
3131:11206,9377
3132:12484
3136:12898
3141:10789
3142:12621,12834,11997,12831,9215,9216,12471
3146:10115,3755,12905,12846,2106,2107
3147:12472
3151:10475,12499
3155:11538
3160:7849,12593
3163:11338,10487,12908,12497,12563,1966,12442,4786,12561,11566
3167:12276
3171:12588,12825,12153,11313,11063,11438
3178:12908
3179:6869
3184:12852,10115,3813,12905,10124
3185:12266
3188:125,12714,10272
3189:2012,2013,2014
3191:6822
3196:12875
3197:12753
3203:10207,11967
3206:8895
3207:8684
3210:12908
3211:1545
3214:12587,12898,12502,12801,12919,12250,12597,12825,12266,12434,12177,9756,12482,11320,12149,11294
3216:4349
3217:12908,12534,12535,12593,12537,12563,12539
3220:3627
3225:8025,12189,10552,11774,8029,8030
3231:11776
3232:11105
3233:11672,12502,12585,12898,12343,12412,12472,12724,12216,12596,12477,12919,12620,12287,12464,12465,12899,12486,9578,10472,8324,12801,12371,12490,12491,12493,12492,12546,12897,12265,12484
3234:12041
3237:12326,11522
3238:6986
3242:12724,12898,12251,12472,11813,11814,11815
3243:12916
3246:12319,12172,12472,12251,12724,12502,12497
3249:9338,9051
3252:4324
3255:6749
3256:12465
3263:12251,10684,6299,11815,11207,12035,12472,12092
3264:9398,9323
3265:9914
3271:10487
3273:12753,12754
3278:12908,10646,11700,11325,12047,12581,12309,12074
3281:12919,12465
3282:11538,12434
3285:3944
3286:11466,11467,11468,11469,11470,11471,11472
3287:10207,1693,11362,1695,1696,1697,1698,1699,1700,1701,1702,1703,1704,1705,1706,1707,1708
3294:10807,10808
3295:12781,10122,2213
3301:12834,12620,12153,12907,12363,11814
3304:11951,7534,7532,7535
3305:3802,12726,3793
3307:12371,12477,12092,12091,11095,12265,11841,12144,12486,11313,11152,12504,11210,10970,7760
3310:12498
3312:12792,2093
3313:11776
3318:9986,8233
3323:11749
3333:9230
3335:12879,5715,12909,10881,11984
3336:8921,8922,8923,8924,8925,8926
3340:393,9694,6679,396,397,9411,9414,400,3959
3341:8038
3342:9706,9707,12205,12522,12830,9711
3350:10967
3352:6174,4725,12621,4727,10115,12905
3353:11617
3361:7111,7079
3364:10122,5260
3365:12266,12570,12621,2398
3367:11321
3368:12092,12472,11207,11815
3369:9789,9790
3372:12830,4860,4568,4569,9969
3374:10351
3377:12472
3378:12372,12570,12499,12620,12348,12349,12690
3382:12852,12619
3385:11983
3386:12901
3396:1911,1912,1913,3830
3399:12177,12144
3401:6847,6848,11457
3409:6870,6882
3410:12287,12497,12054,12908
3416:12919,12434,12621
3420:9928,11791,12593,9931,9932,9933,12523,9935,12569
3422:12472,9776,6543,6544,6545,12471,9215,11997,6549,12251
3423:10223
3427:12714,8287,12523,12907,12894,8291
3431:12825,12620,12834,10856,12194,12196
3437:9288,11403,9289
3438:12919,9932,12498,10297
3440:10974
3445:12041
3446:12587,12177,11271,12724
3448:3697,3698
3455:12151,8015
3457:8381
3461:4165
3464:12041
3465:4719
3467:12287,12497,12054,12574
3469:12753,12898,12082,12090,12484,12266,12092,12587,12489,12422,12265
3471:12825,12898,12472,12144,12497
3473:12767,6323,12680,6325,6326,6327,6328,6329,6330
3475:12188
3476:12522,11272
3477:4937,1798,1799,1800,1801,4938
3478:12721,10073
3479:12380
3482:1853,12369,12368,11806,10258
3484:9493
3489:12216,12250,12484,12587,12825,11493,10272,12110,10861,12153
3490:11752
3497:12377,12464,12597,12898,12801,12901,4998
3503:12764
3504:10643,10720,10633,7826
3510:2964
3511:12270
3512:11968,11875,8038,11972
3518:5325,5326,5327,5328,5329,5330,5331,5332,5333
3522:12250
3533:12005,10881,5770,12908,12009
3537:9562,9563,12908,9565,12569
3538:12515,11856,12581,11995
3539:12724,12897
3541:12581
3550:11752,12854
3551:5101,12659,5103,5104,12805,12737,5107,5108,5109,5110,5111,12772,5113,5114,5115,5376,5117,5118,5119,5120,5121,12646
3552:3713,2163,4808,2165,2166,2167
3554:10392
3555:8888
3557:12721
3562:12481,12483,11768,12498
3563:12472,12041
3567:11821,11822,11823,11824,11825,11826,11827
3574:8038
3575:11806
3577:12617,10114,10115,10116,12794
3580:9002,1685,1686,12107
3582:12819,12678,7114,12704
3587:10724,9685,12183,12458
3588:12770,3581,9536,12905
3589:12399
3600:12151
3605:12758,5376,12747,12710
3606:12908,12909,12558,12559,12560
3607:6626
3609:12575
3615:4738,4739,4740
3617:12784
3622:11049
3624:12883,12859,12860,12861
3625:10477,12091,11358
3641:12753,7538,9636,9637,9635,7542,7543,9638
3642:11428,11429,11430
3654:12807
3658:12153
3659:12805,12806
3660:12752
3663:12866
3664:8893
3667:11927,10279,7471,10243,7467
3669:12772,12773
3676:8611
3678:6552
3679:10916,11826,12891,10919,10920,10921,10922,10923
3683:12891
3686:9635,9636,9637,9638,9639,9640,9641,12753
3690:12351
3693:5922
3694:10174,3967,6873,3969
3695:12588,8299,10864
3697:7387
3700:12874,12875,12876
3707:11731,11732,11750,11734
3708:12784
3709:12477
3718:568,12912,12211,12569,12908
3720:12866,9926
3723:12865,12295
3726:11015,12266
3729:12866,9254,2594,6886,9653,2597,2598,2599,2600
3733:12866,5707,5528,5529,10380,5531
3737:12362
3740:12487
3746:12448,9653,8067
3747:12502
3748:6986
3749:12908
3750:12620,12359,12901
3754:12695
3755:12690,12397
3758:8132,8133,8134,8135,8136,8137,8941,8139,11988
3759:12177,12898,12465,12434
3760:12801,11271,12143,12498,11980,12901
3762:12764
3763:12319,12801
3769:12792,10035,12767,12758,12706,5416,12886,5418,11480
3770:12295
3775:12337,12477,12412,12340,12341,12825,12343
3776:5258,4502,4503,12790,4505,12839
3778:11880,12265,10846,10828,12177,12898,12412,12472,12330,12499,12919,12266,12343,11271,12464,12502,12251,12415,12589,12397,9974,12091,12825,12620,12340,12724,12486,12718,12489,12092,12587,10139,12477,12801,12465,12897,12434,12351
3788:12503,12412,12898,12091,8067,12718,12690,12193
3791:1039
3794:10399,11032
3795:12543,12165,6287,7073,12514,10551,11769,12289,11772,12189,12443,6185,5573
3796:12694,12811,854,10249,8038
3799:12885,12841,4474,12794
3804:12688,12481,12503,12499,6477,11320,12319,12898,6581,12472,12486,12498,6352,10899,12348,12596,11538,12620,12266,12464,12825,12251,12270,12919,12422,12351
3806:12202,9706,12204,1646
3809:12434,11927,12621
3813:12909,12241,12871,12328
3814:12143,12588
3818:12784
3819:7051,11282,9215,7111
3823:12041
3824:12720
3826:10809
3830:12585,12575
3832:12486,12303,12472,12302
3833:12313
3834:12561,12562,12563,12908,12912,12566,12567,12568,12569
3836:12587,12177,12724
3837:12919
3840:12764,12104,9173,7066,7067
3841:8016,8017
3844:7980,7981,7982,12784
3848:12908
3854:12490,12546,11117,11120
3858:12792,12678,6893,12886,9325,12852,12846,12794,10115,3755,12720,12806,11480
3859:12581,11700,11692,10202,4592,4593,4594,4595
3861:11049
3864:12472,12477,12251,11927
3865:12490,12492,12493,12546,12491,12482,12484,12477,12139,12587,12724,11388,10494,12042,10899,12585,11710,7420,7369,12266,11490,12620,11391,11344,10360,11394,2336
3866:12908
3871:4470
3875:11868
3876:12753
3878:12596
3879:8457,8458,8459,10485,8461,8462
3881:12486
3889:12585
3890:11807
3892:11806
3893:12497
3896:10646,11700,12309,11692,12881,3378,12908
3900:12894,11197,12866,12662
3902:6438
3907:2159
3911:7523
3912:12092
3915:9487
3922:9720
3923:12275,9215,7217
3929:7165
3930:12216,12502,12597,12092,12371,12251,12801
3932:11750,12854,11752,12898,12498
3934:12897
3937:12472,12468,12469,12470,12471
3947:12621,9001,12718,11972,11968,11966,6299,6297,11971,11967,5699,6287,7288,10493,10494,10207,11997,11922,7203,12183
3949:12908,5928,4406,4407,4408,4409,4410,4411,4412,4413,4414,4415,10881,4417,7824,4419,4420,4421,5770,4423,4424,4425,10968,4427,4428,4429,4430,4431,8195,4433,4434,4435,4436,4437
3952:12064,8165,3112,7966,389,3130
3959:9893,11814
3969:10122,12795,10078,10079,10080,11517
3972:9776
3983:11576,12448,9691
3984:11102,11880,12597,12834,11402,12480,12620,7775,10939,12589,12348,10938,11938,10941,11936,11708,10945,8338,11567,12588,1305,11642,12309,10948,10949,10950,11118,12524,8168,10935,12194,12196,10514
3986:12908,10197,10198,11545
3992:12919
3994:12156,6052,6053,10394,10395,6056,6057,6058
3996:9137
4000:11206,11207,11208,11209,11210,11211
4003:12216,12139,12319,12415,12265,12499,12464,12487,12270,12801,12498,12472,12266,7467,10243,7439,12066,12144,7442,10477,7471,10494,10967,7447,12137,10207,7450,7451,12475,12149,11967,7472,12069,7457
4006:12581,12866,12909,11730,12514,12879,12189,10891,10892
4007:12581,12909,12497
4008:9974,3288,4718
4011:12251,12472,10774,2604,2605,12484,11875
4013:12201,11829,12204,11831,11832,12830
4015:10249
4016:12237,12486,12250
4018:12497,12359
4020:12885,12699,12684,12685,12686
4021:12412,12434,12465,12498,12621,12041,11927,12150,12718
4023:12319,12465
4024:4178
4025:12908,12522,11870
4026:12752,7183
4034:11983
4037:11370,10925
4042:12908,12455,11566
4043:12680,6328,12905
4047:12498,9376,9377,12908,12621
4051:4162
4062:12908,12391,12392,12393,12394
4063:12792,10122,1989,1990,12711,10057,1993,10091,12852,12655,12816,12905
4065:12621,12901,12718
4066:12351
4070:12601
4079:12718
4081:4169,4170,4171,12526,8136,4174,4175,4176,4177
4082:9750,5911,5912,5913,6826,5915,5916,5917,5918,5919,11700,12325
4087:9685,12455,9687,10724
4089:12808,12809
4091:12891
4092:12652
4097:10262
4098:12137
4099:12597,12801,12464,12898,12377,11136,12498,12621,11971,11063,11980,11078,12901,11730,12153
4106:12284
4108:10166,5067
4110:12482,12587
4111:9510
4115:12873
4128:11672,10139,6826,12415,12477,12620,12490,12587,12487,12250,12412,12090,12035,12491,12493,12492,12546,12340
4129:6027
4131:12908,12539,12003,8048,12537
4132:10453,12908
4134:12082,12415,11768,12412,12480,12035
4136:12571,12587,12340,8099,12484,12250,12465,12287,11105,12899,12412,12502,12371,12572,12690,12486,11136,11700,12489,11692,9619,12504,12421,11689,12153
4140:11430
4142:12521,12866,1383
4148:10653,10654,10655,10656
4151:12581,7692
4153:12380
4154:9643,11791,12326,7157,7158,12776,8677,12003,8895
4161:12828,12829,12830
4162:12908
4165:12499,10828,11880,12082,12319,12491,12546,10846,12753,12265,12092,12898,10223,12380,12492,12493,11088,12486,11136,12484,11692,12504,12490,12340,11709,9619,11730,12150
4166:10554,11870
4171:12886,12794,3813,2198
4180:10491,12621,10493,10494,11966,11997,11967,11922
4181:12487,12134,11663
4182:10258
4184:12265,12343,12503,12414,12487,12177,9615,12472,11538,9974,10139,12754,12486,12330,12620,12919,12477,12266,12825,12090,12397,12587,12464,12597,12492,12834,12091,12899,12251,12371,12724,12499,12493,12498,12465,12718,12490,12086,12491,12546,12489,12092,11705,12801,3424,12422,9619
4187:11282,12190,11284,11285,11286,11287,11288
4190:12434
4198:10493,12919,12465,12434,12621
4199:10290,12216,12620,11672,12465,10291,12490,10798,12491,12492,5061,12493,12546,11749
4201:12919
4202:8622,8623,8624,8625,8626
4203:12879
4207:12581
4209:12372,12497,12464,12319
4210:10954,12348,12597,12620,12524,7775,12375
4212:12770,12667,12655,12886,11517,10035,12643,12787,2123,2124,12851,10079,10085,2128
4217:12729
4219:10258
4225:2967
4227:12602,12603,12604,12874
4230:12486
4232:11040
4242:12196,12194
4244:9399,11617
4245:12894,4124,4125,4126,4127,4128,4129,4130,12287,4132
4248:12484
4249:12330,12718,12502,12319,12434
4256:11087,12488,7775,11430
4260:9387
4266:12411
4272:11768,12359
4278:12901
4281:12784
4286:11406
4291:12724
4292:6011,12690
4298:12359,12834,12620,12621,12897
4301:12465
4303:8812,8813,8814,8815,11407,12475,8818,8819,8820,8821,8822,8823
4304:12901
4310:12487,4024,12753,12490,12491,12492,12493,12546,12801,12092,5699,7265,4035,4036
4317:12434,7852,7853,7854,7855,7856,7857,7858
4318:4469,4470
4324:12091,11710
4325:11880,12250
4326:12599,12319,12487,12266,12177,10472,8324
4328:7447
4336:12312
4337:11988,10814,4391,4392,12543,4394,4395,4396,4397,4398,10194,4400,7703,4402,12171
4338:9479,9480,9481,10251,9483,9484
4347:12805,5203,3830,12706
4349:12688,12319,12620,12571,11207
4350:12758,12678,12839,7133,12767,5416
4351:12480
4355:12484,12585,12724,12216,12412,12319,12590,12414,12492,12490,12493,12596
4357:12884
4365:9174,12718,12690,9177
4368:9790,6150,6151,6152,6153,9789,6155,6156,6157,6158
4371:7997
4374:12524
4375:9398
4377:11082,11406
4378:12295
4379:12619
4381:12750,12747,12758,12850,12751
4382:12319,12872,12599,12898,12266,12270,12438
4383:12488,11438,12351
4392:9229
4395:12901
4400:12825
4402:12909
4406:10622
4408:12041
4415:362
4416:7099,12524,12527,12526,7103
4419:11806
4420:7704,7705,10974,8989
4421:6011
4422:11595,4937,4938
4427:9325
4430:12244,12472,12246
4434:12486
4440:10291,10290,12465,12620,12216,5061
4441:11271,12690,12518,12621,12897,12421,12504,10720
4446:12719,6465,6466
4447:12319,12919,12196,12465,12898,11370,11136,11967,11968,11972,12194,12110,12150
4451:12919
4454:12003
4456:12581,11772,8498,12544,8500,11769,12515,8503,8504,8505,8506,8507,8508,11562,8510,8511,8512,8513,8514,8515,8516,8517,12277,8519,8520,12524,12189
4457:12581,1236,12518,1238,12063
4458:12898,12522
4466:10974,12251,12599,12472,12486,11566,11430,12497
4467:12498,12380
4468:6323,11520,2062,2065,2064
4471:2255,11628,12786,2258,7852
4472:12442
4474:5049,10056
4480:11938,121,11936,8684,10643
4483:10983
4489:12480,12502,12455,12690,12908
4493:8434
4496:12908,7260
4502:12620
4503:10968
4504:12917
4508:10082
4509:12825,10630,12363,12150
4511:12291,5471,11774,5567,12784,7534
4512:5870,5871,5872,5873,5874
4513:11817,11551,9027
4518:12901
4520:12866,12865,12188,12189,12190,12191,12192
4521:12201,3016,12576,3018
4523:3175,10892,5707,12881,12908
4525:416,417,9256
4532:12319,12482,12587,12464,12502,12898,12801,12497
4533:10325
4535:12753
4537:10392,1514
4538:12211,12912,4440,4441
4539:1434,1435
4540:8067
4547:12714
4551:12850,12706,12758,4710,4711,9363,12711,10096,12795
4555:8347,8348,11989,8350
4558:424
4559:12805
4566:12753,12499,12464,12729
4569:11818,10450
4572:7532,7533,7534,7535,11951
4573:10904
4577:12482
4579:12319,12091,12363,12575
4581:12898,12321
4583:11363,12434
4585:11642,10938,3059
4586:12786,9382,9383,9654
4588:12047,12690
4589:10568,12041,12621
4591:12620,8812,8813,12363
4596:12909,12328
4597:12543
4601:12919,10516,12151,12351,11980,12901
4602:12908
4610:12376,12414,12499,12287,12486,12397
4614:12891,12003,10574,10575,10576,10577,10578,10579,10580,10581
4615:12363
4621:12661
4622:12295
4625:10846,12343,11666,10828,12825,12341,12216
4627:5687
4631:7789,7790
4637:12522
4638:12351
4643:12908,12392,12893,12897
4644:12865
4645:12908
4646:10856,9031,12196
4647:5525
4649:10859,10987
4650:12570,12571,12572,12573,12574,12575
4653:12897,11717,12462,12908
4656:12866,8646
4660:12250,11006
4663:12587
4664:12909,12210,12211,12212,12213
4666:12919,12434,12621,12465
4671:12621,11967,11968,12041
4675:12434,11966,11967,11968,11922,11911,12718,12621,11971,11972,12041
4677:12707,12758,12756,12710,12711
4679:12901
4681:12865,11520
4685:1939
4686:1852
4687:11962,11152,12893
4689:12839,7036,12846,7038,12852,12794,12668
4693:11297
4694:12729
4703:12908
4704:12893,12894,12908
4714:10684
4715:12908,10198
4721:12891,12908
4722:12484
4728:11538,12330
4729:11967
4731:12839,12794,10114,12852,3830,6325,5150,12698,12701
4737:10815,4318,4319,12543,4321,4322,4323
4738:11768
4739:42
4740:12784
4743:12194,12195,12196
4745:12596,12499
4749:12319
4753:6212
4759:11551
4760:12724,12596,12415,12092,12086,12371,12349
4762:12434
4769:9357
4770:4655,12472
4773:12908
4778:7777,12620,11402,11642,10938,12499,10933,11708,12597,11428,12372,12524,3989,10939,3991,3992,3993,6374,4055,3996,3997,3998,3999,10968,12074,10944,10947,10951
4779:11504,11972,11968,11997
4780:11498,11496,10739,5428,5429
4785:12758,3603
4787:12343,10217
4791:12570
4795:12504,11538
4797:12908,6033,12581
4800:12575,12229
4804:12621
4809:10450,12472,12575
4810:12118,12119
4811:12908
4812:12041
4817:12571,12483,10828,12484,12481,12801,12825,11006,10494,11880,10789,12117,12150,12244,11387,12035,10856,11320,12196,10313
4819:12448,12449,12450,12451,12452,12453
4820:10219,12392,10221,12897,10223
4823:9996,11514,12852,10011,12886,4505,10037,12668,12720,12905
4824:12784
4833:12575
4835:12783
4837:12499,12465,12585
4838:12908
4839:12849,12850,12851,12852,12853,12854,12886,12856,12857
4840:10883,12909,10882
4845:8039
4849:9986
4859:12908
4860:12891
4861:12117
4863:12753
4864:12634
4871:5087,5088,11806
4873:12415,12107,2554,2555,2556,2557,2558,10904,2560
4874:6451,6452
4875:11545
4876:12415,5907,12801,12498,12412,12464,12898,12753,12724,12465,12107,11717,11700,12421,12149,12183,11493
4879:1625,12908,1627
4881:12908
4883:12150
4884:12908,11545,10198,12891
4887:1244
4889:1511,1512
4890:9202
4892:12351
4894:12621
4905:12486
4908:2889
4910:7509
4913:11726
4918:12540,12541,12542,12543,12544
4919:12054
4921:12486
4922:10993,11263
4927:12177,12351
4929:4878,4879,12392
4930:11882
4931:10817,10818
4932:12455,11779,12690
4933:12872,12589,12588,12321,10745
4942:12198
4944:11719
4947:1559
4951:6721
4954:11024
4956:12784
4957:12908
4958:4978,7051,4980,4981,4982
4968:12908
4971:12041
4974:8358,6967,8359,8360
4976:12585,12493,12490,12491,12492,12546
4978:11808
4982:12479,3904
4984:12621
4985:6350
4986:12266,12484,12035,12620,12477,12834,11692,11700
4987:12879,12908,12881,12909
4988:12839,12840,12841,12854,12851,12853,12886,12846,12849,12857
4993:12309
4994:12155,11002,11003,11719
5000:12319,11806
5005:11859,10142,12411
5006:12606,12792,12668,10057,12704
5020:11737
5024:12898,12718,12340,11429,12266,7895
5026:12340
5028:12792,12758,12886,12852,3763,12697,12794,11514,11927
5035:10484,10485
5037:12588
5048:10815,12091
5049:12803,12804
5050:7099
5057:5542,12190,12908,5545,12287,5547
5058:12330,12499,12825,12465,12498,12198,12718,12150
5062:10380,10381,10382,10383,10384,10385,10386,10387,10388,10389,10390,12663
5063:12672
5069:1763,11666,12502,12589,5669,1768,1769,1770,1771,11749,1773,12597,10729
5074:7028,3674
5076:10325
5077:12499,12487,12502,12621,12041
5078:10622,10477,11814,10968,7286,12575
5081:10106,10107
5082:6009
5085:12908,12076
5087:12309,10646,10019,12908
5091:11808
5105:12319,12482,12587,12464,12502,12898,12801,12497
5110:12497
5112:7146
5115:4790
5117:12908,12273
5126:12179,12180,12181,12465
5129:12041
5132:10218
5135:6099
5140:12569,12897,11819
5144:11865
5148:4341,11148,12151,12831,12351
5151:4179,8937
5159:8909,8910,8911
5164:7997
5168:12753,12724,12498,12092,12270,12026,12397
5170:11362
5172:11520,12790,12792,7133,10122,3801,3802
5173:4643,4644,12693,11288,4647,4648,4649,4650,11455,11876
5174:12266,12341,12897,12421
5175:7209,12188,11995,11774,12189
5176:12287,8718,8719
5178:11983
5179:12047,12908,12581
5183:12863,12894,11496,9149,10166
5185:1622,1623
5189:12235,12236
5201:10139
5204:4166,4167,4168
5205:8216
5207:12287
5208:12351
5209:11806
5214:6161
5215:7288,11876
5216:12472,12363
5220:12503,7251,7252,7253,7414,11997,9048,7257,7258
5221:7389
5230:12792,12794,9504
5233:12351
5237:12183
5239:12319,12177
5240:12302,12303,12304,12305,12784
5246:12908
5250:8894,8895
5251:11102,12898,12484,12092,12801,12319,12599,12499,12498,12270,12266,12251,12718,12464,12571,11701,12026,12472,11868,11706,11118,12265,10861,12149
5252:12443,12444,12445,12446,12447
5257:12767,12768
5258:12372,12373,12374,12375,12376,12377,12378,12379,12380,12381,12382
5260:12919,12498
5263:10724
5266:12764
5269:10297,4020,4021,6007
5271:12891,10916,1074
5277:11859
5279:12764
5280:11880,12497,12194,12196
5282:4696,4697
5285:2026,12804,12685,12767,12841,12766
5291:6771,12177,11538,11663,10828,6776,12620,10974
5296:12917
5299:7132,7133,7134,12701
5315:10846,12172,10828,12499,12919,12266,12412,12343,12464,12091,12251,12371,12340,12724,12898,12718,12177,11666,12092,12801,12321,12897,12472,12434,12265,12375,12351
5317:12585
5319:12498,12487,12899,12319,11136,12198
5320:12919,12498
5322:9986
5327:12486
5328:11363,552,12866
5334:12503,8324,9724,10472,8906
5336:9776
5337:12542
5338:12758,12698,9531,12702
5342:11806
5343:12658,576,577
5347:6239
5349:9714,9715,9716
5354:12054,9290
5356:6263
5360:12041
5363:9720,5673,9159,5675,12561,5677,8649,5679,5680,5681,5682,5683,5684,5685,12593
5373:2965,11297
5374:12188
5375:12211,5273,5289,5275,5276,5288
5376:11807
5377:12852,12731
5381:11207,9913
5382:12189
5386:12434
5388:12908
5389:2542
5391:12578,12909,10603,10604,10605
5400:1088,12190,1090,1091,12908,7580,7578,7581,7579,7582,7583,7552,1100,7568,7569,11457,12891,1105
5402:12694,11841,10925,46,11967,48,7488
5404:12377,12464,12597,12898,12801,12901,4998
5405:11769,11772,11771
5407:12834,12620,12898,12919,12319,12499,12498,12270,12266,11687,11707,11710
5413:12898,12899
5416:10174,11630
5427:12897
5429:12265,12091,6352,8890
5432:12515,12581,2351,11772,2353,12866,11771,2356
5436:12324,12325,12326
5441:12137
5443:12891
5459:8613,8906
5460:6456
5466:10231,12908,9680,9681,9682,9683,9684
5474:4623,2544,2545,2546,8461,10537,8457
5475:12484,12898,12620
5477:9188,12543,7703
5479:12919
5481:7149,7150,7151,12764
5485:12006
5490:11984,11985,11986,12634,11988,11989,11990,11991,11992,11993,11994
5493:12487,12177,12244,11538
5496:3876
5500:12852,10124,3787
5504:9485,9486
5507:11443
5513:12688,6862,10258
5515:12909,12871,11626,12443,1273,11791,5276,12003
5518:11105,12216,12621,11430,12620,12135,11429,12834,11152,12247,11428,12042,11971,12475,10899,12491,10798,12492,12493,12422,12546,11311,12690,12377,12043,12490,11211,11391,11392,11813
5520:12581,7692
5526:12581,7687,7688,7689,7690,11790,7692
5528:8906
5533:6983,12202,9706,12204,12205
5534:4905,12839,12886,11480
5537:12570,12092,12301,12830,12351
5540:12901,12801,12497,11971,12152,11980,11504,11815
5547:12340,10828,12898,12801,12499,12251,12620,12091,12266,12834,12434,12370,12465,12724,10846,11136,12143,12718,12035,12351,12149
5551:1625
5552:12908
5557:7534,10558,12291,12189,11774,12866,6441
5559:12318
5560:12628
5561:5907
5562:11634,9863,12447,9865,12444,9867
5564:12832
5567:12266,11726,12897,12091,11545,11720
5568:11772,12189
5570:6776,10974
5572:12414
5573:10927,10928
5574:12400
5581:6276,11617,6278,9215
5583:10094,12792,12767,12794,12824,1814,1815
5585:12770,12655
5593:12825
5594:11640,12908,10586,10587,11641
5598:12380,12498
5599:12891
5600:12854,12865,12201,12202,12524,12204,12205,12522
5603:12587,12330,12484,9974,12134,12620,11819
5604:10139,9254
5605:10828
5606:38,39,40,41
5610:12172,12688,12477,12499,12620,12415,12801,12266,12270,12487,10243,12319,11358,12498,12464,11136,12216,12472,12144,12265
5612:12898,12177,12266
5613:12303
5616:7491,10879,12909,11445,7495
5619:9935,12897,12690,11717,12569,12908,11819
5621:4668,4669
5623:10764
5628:5991
5629:10485
5633:5042
5634:12690,12464,12487
5635:6012
5637:11506,7126,10115
5641:12543
5645:12752
5648:6061,12415,12063,12135,10939,11632,11088,8812,12475,7523,8813,12488,6073,6074
5653:12833,2910,2911,11818,11973
5658:12319,12177
5663:8008,8009,8010
5666:12309,10646,1042,12047
5667:10811,12908,12392
5668:11343,11344
5672:10455,12898
5674:11566,9685,7028,11827,12893,7031
5680:12919,12380
5684:9869,11413
5689:12647,12648,12649,12790
5690:11806
5691:7474,10846,10828,12370,5034
5692:7773,7774,7775,11402,7777,10948,10945,12524,11429,10949,10950
5696:11757
5698:10302,10303
5700:12415
5702:12908,12309
5705:12471,9523,12352,6549,12874,7183,4655
5714:3168
5718:12309,129,130,1059,132
5721:8755,1460
5727:10739,6689
5728:12891,12455,12908,11320
5731:4346
5732:12801,12919
5733:12397
5742:8316,9031,6206,7241,11207,6209,6210,10947
5743:6983
5744:10749,12486
5751:12866,12086,5556,10487,12190
5753:8890,12153
5756:11049
5762:671,10297,673,10608
5763:8168
5777:12728
5778:12522,12201,12205,12204,9706,6735
5782:9656,11875,9658
5787:5177,5178,5179,5180,5181
5789:10173
5798:8675,8676,8677,12438
5801:11873,12201,12527,12301,12204,12205,12526
5802:11865
5808:5291,5292,10351,5294,11172,11690,5297,5298,5299,5300,5301,5302,5303,5304
5812:12865,748,9523,750,751,752,753,754
5813:12909,10320,10319,2464,2465,12514,4076
5816:12898
5817:12621
5824:11545,12908
5825:10487,9792,9793,9794,9795,9796,9797,9798,9799
5830:7356
5831:12151,11726,12041
5833:12724,12498,12897
5834:12387
5839:12620,12621,12897
5843:11772,4758,12189,12604,12866
5846:12412,12834,12491,12492,12493,12546,12490,12620,12477,12415,10290,10291,11700,10467
5851:7261,12784
5853:6300,426,427,428
5855:12866
5858:12585
5862:11493,11875,12825,10630,10631,12150
5864:10903
5871:2214,7588,2216,2217,2218,2219,2220,2221,2222,2223,2224,2225,2226,2227,2228,2229,2230,2231,2232,2233,2234,2235,2236,2237,2238,2239,2240,2241,2242,2243,2244,2245,2246,2247,2248,2249,2250,2251,2252,2253,2254
5872:8459,4623,4624
5873:11869,11870
5874:12236,12104
5875:12908,12546
5876:12886,12706,11520,12711,12668,7133,12795,12616,3685,12824,12772,5237,12747,12800,5239,12905,11506,7132,3695,3696
5877:2979,11625,4965,2982,11626,12369,2985,12368,2987,11860
5880:11292
5884:11614
5885:12351
5889:12863,12864,12865,12866
5893:5553
5894:12502
5896:5035
5897:12706,12626,12633
5898:12872
5900:12908
5902:12216,12585
5904:11545
5906:4851
5907:12852,12846,3767,10115,12720,3770,3771,11480,12838,3774,3775,3776
5911:12908
5916:12792,10114,12706,12852,9325,12886,12631,6727
5919:12872,12319,12898,12599,12266,12438,12270,10861
5921:12497,9031
5929:10258
5931:12295
5932:12158,12159,12160
5933:12498,12270,12266,12092,12724,12753,12397,11841
5938:9944,10027,10026,9947,12908
5942:12415,12412,12319,11429,12270,12499,12477,12620,12091,12266,11430,8299,11206,12035,12465,12137,11689,10484,12504,3124,11211,10864
5944:11772
5951:12183
5952:12865,4572,4573,9793,4575
5956:12412,12487,12597,12319,12801,12464,12177,12620,12499,11136,12143,12321,8684,10188,11272
5962:12319
5963:12322,12482,12898,12177,12250,12919,12266,12825,12597,12587,12502,12434,12801
5970:12374,12503
5971:9818,9819,9820
5980:11535
5982:12585
5984:5153,5203,12807,5156
5991:12593,4986,11049,9986
5993:12891,6878,11731,3190,3191,3192,3193,3194,3195,3196,4035,10258
5995:10773
6003:10911,10912,12047,12054
6005:12216,12753,11938,12571,10846,12139,12319,12596,12415,12620,12834,8299,12091,12330,10290,9579,10291,12493,12492,12499,12546
6008:12909,12003,12908,8618,11791
6015:6010,6011
6020:10638
6025:12894,12415,11083,11404,1845,8684
6030:6263
6032:12908,12891
6035:12139,12319,8465,12621,12150,11394
6036:12499,12898,9750
6043:9243,4577,4578,4579
6044:11159,12799,11161,11162,11163
6046:8937,12872
6054:12484,12490,12491,12492,12493,11717,11700,12546
6056:12498,12266,12499,12620,12412
6062:10085,12886,12699,12905
6066:12772,12791,12700,2140,12824,12711
6068:12002
6070:12752
6074:12498
6079:12621,11717,12718,10861,11980,12901
6081:12866,12188,10558,10559
6088:12486
6092:11520,3804,3805
6093:12866
6094:9640
6100:12805,10102,12852,12886
6103:11438,12621
6104:11951,8168
6105:5169
6107:7389,12579,11772,12581,7393,11774,12189
6111:12901
6114:12465
6120:12188
6121:12572,11700
6122:12319
6123:12909
6126:12351
6128:12891,12908,10968,12455,11320
6129:11575,11576,11577,11578,11579,11580,11581,11582,11583,11584,11585,11586,11587,11588,11589,11590,11591,11592,11593,11594,11595,11596,12898,11598
6130:11806
6131:11639
6138:11206
6141:12436,12437
6142:4350,11594,11585,11587,4354,11588,4356,4357,11598
6143:12873
6147:9939,12504,7512,10139,7514,7515,7516,7517,7518,7519,7520,7521,12266
6148:11954
6149:10798,11841,11206,11095,11170,11927
6159:9360
6161:11783
6166:11737,12596,12486,12104,9173,12493,12465,12718,12490,12491,12492,12546,12477,12434,12484,12501,12480,12397,12504,11717
6168:9173,1790
6169:12465,11831,9130,12202,8390,11873,12527
6174:12498,12919
6175:12441,9828,12906,9830
6182:12908
6183:9567,9568,9569,9570
6190:10871,12909,12908
6191:9325
6192:12706,7133,12792,12886,12852,11520,12668,5237,12679,5239,7132
6194:10302
6195:12866
6196:12620
6198:10916,11430,7207,11429
6200:3293
6202:12475,12476
6203:11875,12486
6206:12589,1548,8790,11413,12576,1552,10967,10631,7187,11729,2583
6207:12288,12289,12290,12291,12292,12293
6212:8493,9793,9986
6213:12472,12251,12352,11967,11136
6215:12497,10899,11391
6218:12784
6225:6229
6228:12201,12524,12526,6378,8093
6229:9318
6231:11717
6233:12908
6236:10968
6240:11807
6241:9822
6244:12585,12901
6248:12909,8988
6249:11820
6250:11818
6254:12909
6255:12801,12319,12251,12499,12481,12265,12484,12464,10684,12270,12599,12026,12498,12596,12898,12472,12718,189,12266,10243,11006,7471,10967,2545,12092,197,7451,12149,12571,7467,11287,11701,11868,11706,7484,12351
6259:5790
6266:10099,12805,12800,10102,12795,12619,10105
6267:12908,11639,11640,11641
6268:2042,9940,2044,9706,9969,6674,6679,2049
6269:12909,7692,12908
6279:8802,12908
6283:12561,3172,3173,3174
6285:7315,12091,10472,12919,11779,9578,12465
6287:12658
6290:11206,12046,11491,11152,11033,10720,11210,11028,9914,11031,10729,11034
6292:12892,4860
6294:11078
6297:12794,7082,12699,12711,7085
6298:10527,10528,10529,10530,10531,10532,10533,10534,10535,10536,10537
6306:9822,9357,12914,9359
6310:12908,12891,8810,7549,7550,7551,7552,7553,7554,7555,7556,7557,7558,7559,7560,7561,7562,7563,7564,7565,7566,7567,7568,7569,7570,7571,7572,7573,7574,7575,7576,7577,7578,7579,7580,7581,7582,7583
6314:6820
6317:12794,10092,12839,12706
6322:12498,11430,12524,12894,12330,12497,5812,7405,5814,5815,5816,5817,5818,5819,5820,5821,5822,5823,5824,5825,7520,5827,5828,5829,5830,5831,5832,5833,5834,5835,5836,5837,5838,5839,5840,5841,5842,5843,5844,5845,5846,5847,5848,5849,5850,5851,11967,7373
6323:12183
6327:12151,11806
6333:12791
6344:12805,12659,12711,598
6351:9188,12543
6357:11772,6174,6175,8029,6177,7183,12291,12866,7073,11997,6183,6184,6185,6186,10396,12540,6189,6190
6359:12593
6374:6175,9853,5575
6378:2476,12784
6381:12917
6382:11325,12047,11700,11692,12309
6383:7975,7976,7977,9441
6384:12764
6386:12620,12376,9472,7751,12901
6392:11206,11429,11428,11700,10938,9002,12488,10974,11705,6776,12229
6393:1335
6394:10655,8790
6395:12562,11364
6396:12291,9880,4655,12352
6413:10739,4931,5429,12876
6414:5858
6418:12480,12465,12919,12587,12266,12251,12502,11692,12897
6422:12216,12724,12397,12035,12585,12414,12486,10464,12343,11063,10467
6428:11927
6431:11271,12341,11692,11689
6434:11818
6435:12781,2021,7024
6440:12150
6448:12438
6450:12657
6452:12908
6454:6886
6456:12465,9230,7265,7266,7267,7268,7269,7270,7271,7272,7273,7274,7275,7276,7277,7278,7279,7280,7281
6457:12824,12684,4807,4808,4809
6459:10951,10846,11428,12587,12484
6464:10262
6465:12524,7377
6467:8173
6470:12499,12319,12898,8414,10856,11927,11294
6472:12872
6475:11806
6480:12753,12090,12092,6822
6483:12359,12620
6486:12279,11335,12073,6422,6423,6424
6487:12866,8646
6488:12330,12688,12251,12287,12340,12481,12483,12472,7916,11394
6497:12767,12839,11506,2205
6499:12919,12472,12270,12172
6506:12211,7379,12213,12328,12909,12908,10028,7385,12911,7387,7388
6507:12908
6512:12690
6517:5029
6524:12919
6527:12824,12698,12905
6529:12576,12577
6530:12250
6531:12486,12415,12620,12498,12490,12491,12492,12493,11430,12546,12489
6532:12872,12177,12480,12373,11270,11271,11272,11491,12575,12229
6542:12621,12041
6547:12486
6550:4579
6559:12041
6560:11882
6566:10302,12908
6575:12919
6577:6307,6858
6581:12003,11692,12309,12532
6582:980
6584:9723,12580,9722
6585:12706,649
6588:11403,11277,11278
6593:944,10114,12792,10035,9325
6594:12120,12121
6600:11152,12337,11666,11028,11029,12575,11031,11032,11033,11034
6601:12792,9531,3816,3817
6602:5904,7404
6603:12597,12571,11768,12359
6606:12753
6609:12465
6613:12201,12866
6621:12898,12340,12250,12371,12718,7895
6622:12090,12086,12035,11692,8485,8184,8185,11019,8187,8343,8189
6623:6242,6243,12894,11538,12177
6628:10814,10815
6633:12587,12596,7286,11663,12688,12753,12319,12503,12270,12719,12472,11666,12251,12620,12484,10828,12464,12465,12343,12590,12486,12177,11749,12825,11936,12490,12492,12546,12493,12491,12898,12498,12026,11672,12397,9002,11692,12499,11938,11875,12107,12309,7678,10967,5623,7451,11709,12591,12149,10862,11078,11717,11538,11690,12422,10859,11710,7420,5637,11701,11706,11708,11344,5642,10360
6634:12490,12493,12546,12491,12492,1602,1603,1604,1605,1606,12117
6635:10233
6638:12908
6641:12302,12303
6649:10118
6651:12908
6657:12891,349,350,11049
6659:11827
6660:5959,8093
6664:148,12284
6666:12139,12801,12464,12319,12599,12266,12143,12498,12183
6668:12820
6672:12298,12003,1866
6674:8358,8359,8360
6684:3184
6685:8318
6689:12897
6690:608,609,6328,3813,12905
6691:4807
6693:11806
6695:9441,7976,7977,4976,7975
6697:11880,12363,11882
6698:10247
6699:12621
6701:12891,12593,11962,12006,11964
6710:372
6714:12753,12487,11938,12322,12503,12373,12304,4664,12321,12265
6716:12724,12897
6717:12330,12464,7168,10846,12319,12919,12587,12498,7174,7175,7176,7177,7178,7179,7180,11538,10964,7183,11730,12153,11815,7187,7188,10967,11687,7191,10861,9636,11911,7195,12894,12524,12801,10494,7200,7201,7202,7203
6719:12543,1618,8152,8922,1621
6720:11400,11401,11402,11403,11404,12524,11406,11407,11408,11409,11410,11411
6722:6552
6725:12340,12486
6726:12908,12897,12054
6731:12596
6734:12866,12521,6441,12188
6736:11938,12477,12486,11936,12177,12472
6738:8888
6739:12423
6740:12699,12701,5456,12697
6742:5256,5257,5258,10122,5260,12656,5262
6751:12917
6753:2863,12295,2865
6754:6254,10223
6757:255,4182
6759:11619,11620
6767:12867
6771:12909,12871,10603,12211,1568,10883
6775:12211,12909,9398,8988,1520
6780:6223,12753,3539
6783:1369,2300,1371
6785:12151,10631,12042,12043,12363,11490
6789:7401,11436
6792:12498,8189,12801
6795:12917
6796:11860
6800:12908
6801:12172,12265,12139,12487,12724,12412,12319,12340,12498,12621,12250,12477,12489,12899,12251,12092,12464,12270,12371,12801,12718
6808:12825
6811:12150
6816:12587,11737,8465,12753,12599,12488,12484,11672,12491,12486,12490,12493,12546,8476,8477,11663,12492,12919,12373,12414,12596,12489,8485,12597,12497,11708,11344,11207,11710,11493
6818:12753
6828:10968,3946,12486,12110
6831:12336
6834:10916
6835:10139,10140,10141,10142,10143,10144
6838:10006,10007,10893,9062,12003
6839:12455,12908,12497,12458,12459,12460,12461,12462
6844:4730,8073,5107,4733,12805,4735
6847:4642
6849:12183
6851:5027,10059
6852:12499,12284,12575
6872:12712
6876:9376,9377,12593
6881:12909,10871,12578,4328,9309,5646,11984,11870
6882:12756
6883:2054,12606
6885:10521
6887:5068,12292,12290
6892:11997
6893:12891,10472,10473,11206
6894:12041
6895:12351
6897:12596,12465,12825,2840,12412,12801,12718,11692,12144,11102,7442,12216,3112,11136,3124,1176,12026,2300,11319,12753,10747,12690,11053,11647,11701,11117,10687,11706,11436,11118,11063,12110,7203,11320,11078,11710,3130,12153,10360
6899:12486,12216,12596,11938
6904:1939,1940,1941,1942,1943,10464,1945,1946,1947,10856,12194,1950,11709,9914,11208,10725,12276,1956,12195,5524,5805,12150
6910:12472
6913:12908,9338
6924:11856,12521,10551,12189
6925:12908,12775,12776,12777,12778,12779,12780
6931:11964
6934:10258
6939:12902,12903,12904
6940:12336
6941:12620,12499,12412,12137,2398,11078
6942:12571,11672,12572,12570,12585,12573,6462
6944:12593,12569,12908
6950:7697,7698,7699,7700
6951:12892
6960:7147,9691
6961:3497,3498,3499,3500,3501,8756
6962:12909,11445,12569
6969:9881
6970:326
6973:12850,10114,6727,10078
6979:12918
6980:11618
6995:5334,5335,5336
7004:11841
7005:11769,12866,11771,11772,12189,11774,12544,11776,12581
7006:12620
7007:11973
7011:12041
7014:11035,12593
7021:12764
7023:12753
7025:12908
7028:11755
7029:11870
7030:12434
7031:12340,12319,12898,10594,11742,10968,11748
7032:12274,10815,6016,6017,12543
7036:12150
7037:12091,7398,12492,12493,7401,7402,7403,7404,7405,12491,7407,7408,10622,11171,12370,7412,7413,7414,7415,7416,7417,7418,11710,7420,7421,7422,7423
7041:12792,12758,10114,10122,12668,12791,5260,12626,5144
7043:8209,12292
7045:9357,12914,2493,9822,2495
7049:11618
7050:12908,12775,4450,10198
7054:12865
7055:10139
7056:12497,12043,11490,12042,10899
7058:10207,11968,11972
7059:6503,12908,379
7061:5637
7065:12486,12380,11936
7066:12891,11428,11206,11430
7069:12905,12906,12907
7071:12853,12794,12792,12706
7080:10258
7082:9536,10122,5260,12701,12806,12757
7087:9016,6118,6796,7051,9215,9062,6123
7088:12193
7095:12177
7101:12041
7112:7584,12169,7586,11612,7588,7589,7590,7591,7592,7593,7594,7595,7596,7597,7598,7599,7600,7601,7602,7603,7604,7605,7606,7607,7608,7609,7610,7611,7612,7613,7614,7615,7616,7617,7618,7619,7620,7621,7622,7623,7624,7625,7626,7627,7628,7629,7630,7631,7632,7633,7634,7635,7636,7637,7638,7639,7640,7641,7642,7643,7644,7645,7646,7647,7648,7649,7650,7651,7652,7653,7654,7655,7656,7657,7658,7659,7660,7661,7662,7663,7664,7665,7666,7667,7668
7113:8038
7116:12861,12668,5307,12733,5309,12852,5311,12804,5313,12854,11514,5316,5317,12857
7122:12301,12204,12205,12526,8093,9940
7129:12392
7131:12620,11710,10360
7132:12314,12315,12316,12317
7133:10257
7134:11726
7139:12472,12319,12599
7140:12864,1896
7142:7840,11771,11772,12189,12581,11769,11856,12515
7146:587,6243,5279
7151:12593,12287
7153:12440
7154:11879
7155:12886,12865,11455,11456,11457,11458,11459
7158:10153
7162:12908
7163:12515,9853,11617,12584,12514,8085,8086
7169:12321,12319,12574
7174:12908
7176:12825,12621,12150
7177:12721,12626,12794,10112
7178:12372,12570,12620,12499,5506,12690,10489,10684,5510,11927,5512,5513,12115,5515,7489,5517
7179:11806
7180:1711,1712,1713,1714,1715
7188:12499,12571,11136,11966,11967,12621,12041,12497
7189:12472
7190:12908,3445
7191:12909,12211
7193:12041
7196:12799,12800
7204:12908,12593
7206:9643
7207:9374,12393
7208:12587,12724
7210:12801,12251,12472,11029
7211:10322,10882,10892
7224:8189,12486,10809,11567,12041
7232:9653,9654,9655
7233:1059,12532,12908
7236:10622,12250,12465
7237:12713,12714
7242:12177,12363
7248:7164
7257:12794,12852,12631,12632,12633
7263:9357,12914,12908
7266:12870,12871
7272:12416,12464,12319,12724,12412,11717
7275:11772,9694,12729,9696
7276:12581,10317,11429,10319,10320,10321
7277:9986
7285:12336
7288:12908
7295:12189
7296:10043
7299:4009
7305:7321
7308:7692,12908
7313:12790,12706,12886,12676,12677,12678,12679,12680,12681
7319:11968,11972
7321:9940,4384
7323:12805,7825
7328:12908
7330:12487,11875,8307
7344:12865,6241
7348:11538,12596,12434
7349:12801
7357:6264
7359:7073
7361:8727
7367:12465
7368:12688,12134,9615,12752,12596,11666,12319,4370,12484,12270,7349,12340,12092,11595,11155,11208,4379,11936,9619,11258
7369:11873,9931,9349,12830,4482
7373:12785
7374:12043,11490,12042,10631
7377:10262
7379:11011,11012,12792,12886
7385:12865
7386:11567
7391:9724,5707,12908,10028,12514,1391
7395:12511
7396:10232
7400:12570,12139,12042,10899,11967,11647,10509,11490,10747,11207
7404:12919
7406:12908,9493
7408:1701,640,641
7413:12688
7419:12434,12465,11966,11968,12718,12621,11971,11972,11927
7428:5856,8909
7431:12359,12620,12621,12897
7440:827,828
7444:12724,12897
7446:12486,12415,11717
7447:12472,12898,12091,12340,12897,12046
7452:1214,10247,1216,1217
7453:11102,12319,12801,11105,12464,11663,12270,12597,12498,12143,12266,12397,12504,12134,12422,11117,11118,11211,11120,12149
7456:11663,12340,12477,12265,2925,10622,12724,12464,12498,12092,12465,12901,12266,12412,10297,12397,12801,2938,10967,12091,11880,2942,7451,12149,12143,11319,10747,11647,10908,12596,11211,11980,11294
7458:11197
7460:12337,10240,11032
7462:12919
7466:12753,12330,12825,12498,12872,12571,12375
7468:12508,12509,12510
7474:8884
7475:12894,11083,12597,7966,7503,11090
7479:12499,12487,12502,12621,12041
7492:11757
7496:10262
7498:11578,9221
7505:10566
7529:6007
7533:12908,3439,3440,5024
7536:9081,9325
7537:12593,12594,12908
7538:12643
7544:12838
7552:12585
7560:12110,12575,12117
7561:12621
7562:10879,12909,5724,5725,10320,5727,5728,5729,5730,5731,5732,5733,5734
7563:12319,12502,12434,12251,12477,12718
7567:10935,12570,12488,12104,10948,10949,10950,11032
7568:2193,3696
7575:12177,12319
7580:12872,11951,12363,11690,5201
7581:12872,9230,7179,11503,12541,12196,5487,5488,5489,10856,8684
7584:5939
7587:407,408,12908,410,411,10025,10549,2667,415
7589:12780,10166,10739,12694,10169
7595:12908,12336
7598:12886,10102
7601:3643
7607:10938
7616:12753,12596,12415,12250,10974,12491,12546,12490,12492,12493,12801
7621:12003,11791,11494
7625:12585
7627:12597,12801,12251,12596,12340,12287,12898,12472,11078
7628:3901
7634:12872
7635:4161
7636:12587,12690,9301
7644:12486
7647:12809,12668,10115
7648:12483,12898,12621
7651:9003
7653:12250,12801,12472,12498,12177,12464,12898,12571,12149
7654:12465,12718,12434
7660:3959,11772,12543,11612,12162,12167
7661:11625
7663:11945,11946,11947,11948,11949,11950
7664:12515
7675:12909,12908
7679:5083,5084,5085,12577
7683:12498,12872,12464,11663,12599,12319,12497,9002,12144,243,10494,7678,10987,7288,11997,12143,12585,10859,10862,5637,11294
7684:12620,12137,12194,11980,12901,11815,12196
7689:5350,12668,12850,12824,2080,11520,3695,12792,12758,12841,3627,10114,4505,12886,11514,2091
7690:7123,7124
7692:12898,12801,12919,12250,12597,12825,12434,12266,12177,12587,9756,11320,12149,11294
7693:12908
7694:9724
7695:11397,12864,11860
7708:11774,11772,11995,12581,5948
7715:12499,11105
7720:12620,12376,9776,9472,7751,12901
7721:12663
7722:12865
7724:10202,12908,12866,12188,10206
7726:12893,4742,4743,4744,10223,4746,12897
7730:1615,12865
7732:12919
7738:10291,10290
7741:12753,12596,12465,12497,12464
7744:12397
7746:11859
7747:12373,12472,10594,10450
7750:11270,11737,12894,8457
7753:10272
7756:12295,12719,6667
7760:12009,12909,12005,12908
7768:3897,3898,6694,11545
7771:11427
7779:10621,12279
7784:6820,6821
7785:12908,10025,10026,10027,10028,10029,10030,10031
7789:10828,7474,9376,9377,12370,11006,7479,7498,7481,10846,11428,7484
7795:12487,12752
7797:12547,12548,12794,12550,12551,12552,12689,12554,12555
7798:12805,12792,12748,5148,12787,5150,11480
7806:12498
7808:12811
7809:11806
7810:11578,11598,9221,12576,11300
7816:12434,12465,11966,11967,11968,11922,12718,12621,11971,11972,11927
7827:11567,4626,12302
7828:10294
7836:6052
7842:11069,12597,12801,12464,12898,12377,12498,12621,11980,11078,12901,12153
7843:1222,6783,1224,1225,1226,1227,1228,1229,1230
7844:10487,8485
7845:7051
7853:12770,12792,10034,10035,10036,10037,10080,10039,12886,12791,12900
7856:5959
7857:12319,12599,12266
7860:9306,12909,9308,9309,11984,9311,9312,10891,9314,9315,9316,12522
7866:12801,12620,12415,12898,12251,12340,12498,12599,12464,10828,12486,12499,12489,11666,12825,12091,12487,12434,12502,12266,12092,12465,12397,12724,12265,12589,12143,10846,12482,11880,12309,12897,12472,12718,12035,12343,11313,10856,11438,12194,10859,11319,10861,10862,10987,10864,12195,11730,12149,12196,11493
7873:11875
7877:12277
7878:11997
7879:12898,11567
7881:12328,12562,8193,8194,8195
7890:12041
7891:12441,7119,7120,7121
7892:12363,12110
7894:12901
7896:10011,12792,10013
7897:12387,10912,12581
7902:12620,12412,12035,12465,12484
7907:4596,12776,4598,12891,4600,4601,4602,7858,12326
7914:8809,8810,12729
7917:12526,12527,12522,12201,12204
7918:12363,1279
7929:12908,1010
7931:10006,9334,12908,12514,12575
7934:4926
7935:12082,12415
7936:12274,12275
7937:12091
7938:11520,10136,12676
7939:12794,11520,12839,12853,12720
7940:11538,12266,12465,12486,12107
7946:12341
7955:10684
7962:12091,12872,12265,12587,12503,12484,12412,12090,12486,12092,12266,11029,12434,12489,12898,12397,12477,12144,11692,10243,12026,12753,12718,11701,11706,12193
7964:10155,12908,11265
7970:7991,7992,7993,7994,7995
7977:10739,10740
7980:8038,10620,12866,12190
7982:8646,12190,10202,12866
7984:12107,12497,9001,9002,9003,9004,9005,12601,9007,9008,9009,9010
7987:12042,12043,12152
7992:4959,4960,4961,11282,4963,4964,4965,4966,12918,4968
7993:12569
7996:12908
7997:12465
8001:12477,12465,12266,12082,12480,12504
8002:12593,12872
8004:9577,10514
8006:12482
8015:10551,12866,7073,12863,12784,12291,2475
8016:901
8018:12908
8020:12718,10861,12901
8021:5024,5025
8024:12156,10394,10395
8025:5707,11641,12581,5710
8027:12359,12438
8029:574
8030:12714,11498,9424
8032:9949,11984,9951,10928,9953
8038:5548,11404,5897,8124
8040:10151,9254,12411,9256
8041:6503,12514,12908,6506,12054
8045:12340,12371,12177,12801,12477,12596,12472,10828,12484,12270,10846,12397,12464,12825,12597,12370,12216,12898,12343,12504,11136,12486,11938,12143,12498,10351,12422,11936,10354,10355,11344,10864,11710,12149,10360,11294
8046:12003,11803,11804,12534
8048:4958
8050:4482,474,475,476,9931,11873
8053:11102,10828,12498,12149,12464,12901,12801,12620,12465,11430,12587,12319,11428,11692,12309,12144,7451,11689,11438,11006,10967,11980,7447,12198,11690,11504,12244,11313,7484,11118,12311,12107
8055:11860
8060:10985
8061:2273,12369,3861,2276,12409,9926
8065:2261
8068:9721,9722,9723
8070:11126
8072:12434,10619,10620,10621
8076:9706,6674,5075,5076,5077,9969
8079:12897
8082:12886
8084:12865,12786,4722,9653
8087:10473,11206,11429,12599,12144,12343,11742,12035,12498,12825,12475,9377,12621,12337,12311,12229,12575,11032
8088:12890
8089:12834,11402,12620,12573,12524,11666
8090:10094,10095,10096
8093:12046,12047,12048,12908,12593,12054
8095:12273
8096:12784
8099:8072,8073
8104:12909,12211,210,5707,212,213,10320,12879
8105:11538
8108:11171,12498,11207
8109:604
8112:12570,7972
8114:12521
8120:12372
8132:9232,9233,9234,9235,9236,12229,9238,9239,9240,9803,9242,9243,9244,9245,9246,9938,12471,12524,9806,9251,9252
8133:12919,12904,6314,6315,6316
8134:4561,4562,4563,4564,4565
8137:10045,12721
8138:12908,10231
8141:509,12575
8142:12724,12412,12251,12498,12340,12801,12487,12250,12319,12270,12464,12134,12135,12489,12137,12266,12139,12172,12477,12265,12143,12144,12472,12718,12343,12621,12149,12150
8143:12909,11772,12581,12866,11774,12188
8149:12216,12026,12596,11102,3463,11538,12825,11701,12412,12718,11706,12801,12465,12753,9578,12690,12477,10472,11705,8324,10720
8150:12041
8154:12909
8157:12143,12134,10964,12599,12487,10967,10968,10969,10970,10971,10972
8158:12063,10473,1320,1321,10308,11430
8159:6112,6803
8165:11149,12177
8166:12866
8169:12351
8171:12621
8174:9024
8178:12439,12440,12441
8182:11806,11443
8185:12785,12786
8186:7165,12486
8187:12830,11414,8629,9711
8193:12908
8198:12012,12211,12908,12909,11336,12914,9815,12911,12581
8199:6321
8200:12477,12415,12266,12491,12492,12493,12546,12490,11936,12690,11938,12153
8206:11966,11971,11968,12718,6284,11911,11922,6287,6288,11997,6290,12621,10493,6293,10494,12041,11972,6297,10207,6299,6300,6301,9001,6303,6304,7203,12183
8208:9016
8210:3448,3449
8214:9697,9698,9699,9700
8217:12688
8220:9880
8221:11730,11491,7498
8225:6374,11338
8226:495
8234:9867
8237:12581,11617
8238:12587,12412,12484,12343,12801,12464,12415,12465,12498,12266,9377,11430,9376,11717,10308,11700,11692,12144,11689,10967,12035,11117,7451,12149,12477,12621
8240:12908
8247:10737
8249:12486
8251:12866
8252:12414,9959
8253:12561,12266,12177,12898
8254:12351
8256:12753,12251,12499,12724,12588,12919,12464,12319,12177,12596
8262:12387
8268:12484,12621
8270:12866,12277,10487,9411,11772,11776,9414,9694
8273:11757
8277:9577,485,4099,11700,11692,10475,12076,10646,11779,12309,10720
8279:11749
8280:11763,6971,12003
8285:12472,12251
8286:9991
8291:4844
8295:6703
8299:10015,12792
8300:12908
8301:12086,12898
8304:12811
8305:8824,8825,8826,8827,8828,8829,8830
8307:12472,12251,2398,2399,10968,12244,2402
8311:12620,11086,12621,12359,12041,10861,12184
8312:11642,12091,12266,11717,12897,11647,11719,11720
8316:12658,12659,12854
8318:12487,12490,12491,12546,12492,12493
8324:11406,11082,1845,11083,11086,11090
8329:12348,11105,12376,12415,12834,9472,12801,12412,11206,8403,7727,12397,12491,12492,12493,12546,12620,11095,12490,11672,12026,12589,12134,11708,11692,12504,12144,7744,11701,11313,12690,11706,11436,11171,7751,7752,10467,7754,12198,12115,7966,11258,11207,7760,7761,12153,11319,11814
8332:11983
8338:11801
8340:6491,10153,644
8341:12792,12758,12619
8346:12250,10139
8347:12064,10622,11841,12438,11801,10477,11327,5669,12380
8351:12301
8352:8927,8928
8355:12415,12414,11053
8358:12526,11873
8359:11578,11588,8321,8322
8360:12499
8361:10856,12196
8362:10562,10563,10564,12211,10566,11360
8367:10487
8368:12732,12733,12734,12735,12839
8369:12319,12718,12321,12322,12438
8371:11206,10974,10975,10976
8373:12593
8374:9527,10122,11351,9530,9531,10079,12698,9534,10037,9536,10057,12886,12905
8379:10290,12082,12596,12919
8383:12440
8386:11172
8387:12919
8394:12620
8395:11808
8399:12487,12499,12571,12251,12690,12041,12502
8401:9534,6759,6760,12652,6762,6763,9567,10079,6766,6767
8405:12524,12294
8409:9139,9140,11498,9142,9143,9144
8410:12521,12518,12519,12897
8415:12499,10243,12137,11980,12901
8418:12387,11432
8420:6626,12908
8421:10450
8423:11494
8426:12368,12369
8427:5299
8428:6161
8429:10655,1927,1928,12908,9274
8432:3275
8433:1038
8435:12908
8436:12041
8437:12319,11806
8442:6663,12778
8444:12412,12724,12414,12415,12416,12417,12464,12488,12801,12421,12422
8447:11448
8452:12805,12659,12706,12677,5134
8453:2023,2024,3813
8454:9724
8455:6779
8457:9401,12909,12908,9643,9644,9406,9407
8459:10655
8460:12137,12091,12465
8461:12917
8463:10231
8465:12886,9996,12850,12905,10115,6900
8467:12872
8472:12524
8475:12026,12753,11663,12412,12571,9750,9081,12588,12919,12499,12597,12801,12898,12319,12287,12092,12825,11105,12724,12484,12498,12177,12376,12266,12251,9100,12486,12464,11701,12414,11692,11706,12596,12497,11391,12042,11319,11438,12115,10899,10864,11331
8476:11700,12504,12309,10475,10720,10368,10646
8484:12908
8487:12581,4593,8803,12394,10202
8492:12919
8496:12464,12484
8503:12472,6822,12898,6703
8506:12919,12380
8507:11865
8510:9318
8512:12885,12606
8516:12434,9915
8518:12908
8519:9701
8528:5499,5500,5501
8530:12852,12854,12846,12791,3713,12853,3770,3771,11480,3718,11514,3720
8531:12340
8535:10916
8536:11294
8538:12836,12837
8539:12588,12589,12590,12591,12872
8540:12202
8541:12041
8543:11870
8551:4012,10562,4014,4015
8552:10916,7670,7671,10188,12143,7674,8485,12046,7677,7678,10987,11700,12074,10862,7683,7684,10859
8555:11448,12715,12295
8558:12414,6352,12588
8560:3347
8566:9996,12839,9998,9999,12824,12905,10002
8567:12486,10477,9622
8571:10049,10050,12792
8573:9524
8575:12464,12465,12729
8578:8906
8580:12688
8581:12578,12579,12580,12581,12582,12583,12584
8591:12216,12319,12487,12499,12498,12472,12599,7465,12266,7467,10243,10207,12464,7471,7472
8594:11720
8597:12758,11506
8601:12486,12303,12472,12302
8605:3876,12041
8606:12901
8607:12718,11294,12153
8610:7215,7216,7217
8611:12232
8615:12151,11875,12363
8616:12825,12340
8618:12250,12177
8619:12908,12326
8623:12865,12412,12482,12091,12503,12587,12026,12415,12477,12588,12498,12480,12872,12193,12484,12035
8626:12415,12490,12493,12491,12492,12412,12620,11207,12486,10464,12153
8627:10202,12866,12908
8632:11860
8635:6614,12201,7389,6617,11827,6619,6620
8641:9986
8642:12886,11514,12839,2091,623
8645:4252,12204,4254,9706
8647:12351
8649:12908,5860,12070,5862,5863,5864,8895
8650:12721,5388
8656:10258
8661:7288
8662:6451,11172,1338,12482,7217,7215
8667:12412,12620,12499,12753
8670:11772,12521
8672:10684,12801,12464,12908,12498
8676:4851
8677:11996
8678:11443
8679:10166
8683:12588
8684:12151,12152,12153
8686:12919,12041
8691:12891
8694:11271,12801,12143,12498,11980,12901
8697:10035,12792,11514,12854,9325,12886,12846,7095,11517,12643,12720,3802
8698:12897
8699:12543,11612
8707:10977,12007,12909,10980
8710:12472
8711:10151,11859,10153
8714:12488,12371
8715:12588
8718:1898
8721:11870,11427
8722:12371,11208
8723:697,698,699,700
8724:11763,522,6165,295,296,297,8618
8727:12502
8728:12866,11413,12680,10968,12188
8731:11561,11562,11640
8734:6795,6796
8735:6680,6681,6682,6683
8736:12319,12244,11320
8741:12370,12371
8743:10616,10617
8744:12753,12484,12491,12492,12493,12546,12490,12172,12063,12064,12415,12066,12266,12144,12069
8745:708,7487,7442,10856,12194,12196
8749:12340,12570,12422,10861,12901
8757:12498,11327,11801,12801,11700,11331
8760:12852
8762:12688,12319,12484,12092,12137,12498,12198,12571,11294
8766:12877,12878
8768:12790,12747,12748,12793,12750,12751
8770:11494
8776:11612,12543,12171,10877
8781:10043
8787:10089,10090,10091,10092,12791
8792:12204,9019,12830,12202
8793:12726
8795:2072,12772,2140,12886
8802:12397,12412,12498,12465,12414,12585,12486,11063,11344,10467,5642
8803:11195,11194,12581,12387
8805:2969
8806:12434,11966,11967,11968,12718,12621,11971,11972
8809:12834,12620,12621,10861
8810:11012,12859,12656
8811:12794,12839,12695,12698
8813:12621
8817:10989,11265,12443,12908
8820:5479,7674
8821:12397,12343,12412
8823:6818
8824:2260
8826:12484,882,8299,12487,885,12596,10951,10976,9038,12153,891
8827:12480,12481,12482,12483,12484,12919,12486,12487,12488,12489,12490,12491,12492,12493,12546,12495,12587,12497,12498,12499,12574,12501,12502,12503,12504
8829:11871
8831:12724,12343,12591,12590,12414,12498,12585,12486,12397,10467
8834:12620,12724,12359,4664,12363,12585
8835:11875,5429,10395,9915
8840:12901
8842:8888,12784
8844:12498,12179,12180,12181,12284,12575,12229
8855:12570,10243,12571,12497,11980,12901
8856:8952,11769,12515
8858:7058
8866:4165
8874:12908,11791,12514,11494
8885:12041
8886:11726,11078
8887:12041
8889:12588
8897:12465
8898:9498,9499,9500,9501
8899:12434
8908:12455,12908,12522
8911:323,324,5178
8912:12415,12046,11206,12477,12144,8299,10968,10521
8917:3285,8189
8919:12415,12484,12504,12043,11490,12042,12153,12150
8921:7079
8922:9215,7111
8924:8721,11355,8723,11824
8926:11763,8127,8128,10252,8130
8928:12897
8930:12090,12340,12216,12484,12596,12412,12499,12465,12620,12091,9937,12825,12092,12177,12415,12265,12472,12343,11206,12572,12591,11493,10243,12035,12477,12590,12137,12504,11700,11880,10789,11690,9615,12422,12244,11647,9619,12621,10856,9622,11344,10747,9625,11815,12196,12183
8933:8753
8934:5159
8938:12919,12621
8941:11412,12865,10599,10600
8946:11362,11363,11364,12041,12832,11367,11368,11369,11370,11967,12150
8949:12764
8951:12377,10798,10747,7488,8821
8958:11663,12498,12872,12464,12599,12319,9002,12596,12497,7678,12144,10987,12143,12585,231,10862,11294
8959:8067
8962:12869
8963:9349
8967:9274,7377,11827,10531
8969:8152
8971:12408,3861
8974:12866
8976:12569,12897,8570,12054,12908
8982:3825
8983:12908
8984:12819,12820,12821,12822,12823,12824
8992:12908,12003,12866,12188
8993:12091
8996:12041
8997:4202,8038
8999:12908
9005:10910
9009:12480,4336,10968,12575
9010:12811,11294
9013:12801
9015:11360
9016:12250
9021:9037,9038,9039,9040,10862,10859,9043,10976,9045,9046,11710,9048,10972
9022:12177
9027:12376,12482,12091,12587,12499,12412,12250,12266,11102,10243,12572,12144,11207,11880,10789,12107,10308,12718,1140,12414,11313,12621,11971,11118,11272,11438,11120,12115,11927,11710,10360,11294
9039:12908
9044:12688,12522,12527,12524,12204,12898,10974,10809,12150,2819
9047:12784
9059:12054
9061:12216
9067:12434,11966,11967,12621,11927
9073:8189
9074:11726,11546
9075:12668,12850,12697,5397,5398,12852,7126,9536,7095,5403,10096,12643,10080,10079
9078:12392,12047,12387,12908
9081:12914,12211
9082:12006
9087:10198
9088:10006,10007,10008,10009,10010
9091:11984
9092:11876
9095:12898,12825,12571,12498,12464,12801
9099:9254,1760
9101:12438
9102:12620,12363,12153
9103:10472,11083,12069,4793,11090,11404,12894,7523,11082,1845,11085,11087,11406,11088,4036
9104:6512
9108:12908,12866
9113:12877,9254
9122:12658,3668
9125:9941,9942
9126:12322,12898,12177,12250,12919,12825,9750,12597,12587,12251,12502,12434,9756,12801
9131:10047,12791
9132:12866
9133:12868
9137:12908
9144:12265,11672,12412,12343,12898,12498,12585,12472,6581,12486,12484,12216,12330,12337,12465,12620,12899,12477,12919,12464,12502,12371,12724,12801,6597,12897,12144,11708,9031
9147:12415,12412,12487,11355,11737,7294,12090,12587,12620,12486,12465,10291,10290,12266,12493,7304,12477,12490,12546,12491,12492,10484,7674,12786,7313,9724,7315,12662,12524,7684,7319,12448,7321,9555,7323,7324,7325,7326,7327,7328,7329,7330,7331,7332,7333,7334,7335,7336,7337,7338,7339,7340,7341,7342,7343,7344,7345,7346,10808,7348,7349,12035,11033,7498,10809,12482,7355,7356,11028,10467,11120,11031,11034
9151:10322,12908
9152:6943,6944,6945,12908,12411,6948,6949,6950,7690,10980
9154:12830,1048,2044,1050,12522,9711,9969
9157:11997,11875,11876,11877,11878
9159:12884,12792,4505,2035,2036,12704,2038
9162:10223,12518
9163:7247,12551
9165:12909,11962,12486
9166:12371,12588,1491,11938,5489,5487,11936,11019,12194,12196
9167:12919,12908,12581,12563,8054
9168:12688,12319,12137,12498,12198,12571,12620,11294
9169:12894
9178:12522,12523,12524,12525,12526,12527,12874,12714,12830
9181:12908
9182:12865,9277,12864,11577,11298,12863,9282,12866,9284,9285,11973
9189:10290,10291,12372,12499,10537
9190:12819
9192:12149,1808
9193:10774,10775,10776,10777,10778,10779,10780,10781,10782,10783,10784,12291,10786,10787,10788
9196:12714,8287,4136,10775,12907,12523
9199:12721,12755,2008
9200:12593
9203:12596
9209:12621
9210:12769,12770,12822
9215:8302
9216:11808
9217:7840,4944
9222:6901
9234:12465,12434,12718
9236:12697,12698,12699,12700,12701,12702,12846,12704,12705
9237:9266
9240:12866,12865,12188,12189,10608
9242:11457
9247:12382,11006
9248:11789,12448
9250:12481,12690,12499,12464,12487
9252:12891
9259:12898,12438,12621,11438
9260:11880,12376,12412,11102,12482,12486,12587,12414,12572,11538,9472,12250,11663,12499,12621,12091,12341,12718,12266,12690,12477,7751,12397
9262:10809,5907,11865,11875
9264:12689
9268:12635,12636
9269:1535,12046,11429,2562,11206,11430
9271:12908,11265
9283:9986
9284:12671
9286:8165,10745,12436,8168,11666,8170
9291:8316,11021
9295:7775,12046,11402,4009,12524,4011
9297:12755
9298:7447,12371
9299:12247,12482,12502,12250,12251,12477,12266,12587,12597,12340,12571,12690,12801,12260
9304:11095,12046,11430,11779,4222,4750,11445,4225,4226,4227,4228,4229,4230,4231,4232,7684,4234,4235,8194,4237,4238,4239,4240,4241,4242,4243,4244,4245,4246,4247,4248,4249,4250,4251
9315:11938,11936
9317:12872,12380,12144,11436,12571,11438
9318:11126
9325:12764
9331:12434,11968,12621,11972,12041,11927
9333:12397,12901
9334:8896,11078,12351
9341:11663,12572,12901
9346:2973
9350:2865
9353:12519
9355:10935,10948,12438,10949,10950,12273
9356:9937,9938
9362:6348,6349
9363:12866
9371:12216
9372:10916,12891,895,896,897,898
9376:12898,11358
9377:12216
9379:12422,12110
9381:12891,11206,11430
9393:12872,12198,11690,11951,12363,12153
9394:12621,12330,11967,11968,11972,12041
9395:10174
9408:9660
9411:12662,12724
9417:6679
9419:12351
9422:12585
9426:11950
9427:11069,11207,1140
9431:2517
9432:12908,9963,10653
9434:12897
9435:6845
9436:1688,11868,10739,11860
9440:12908
9441:12688,12340,12270,12493,12546,12491,12492,12477,12266,10968,12110
9444:12522,12380,11504,11331
9445:11841
9446:10261
9447:9824,9825
9448:10594
9454:12522,12205,6980,6981,12830,6983
9461:12472,3322,11362,12363
9464:12919,12434,12621
9469:12438,11095,12477,8008,5522,12144,5524
9470:12295
9471:10633,11387,10635,12575
9473:11980,12901
9477:12919
9479:7219,8458,7221,11737,12374,7224,7777,7226,11088,7228,7229,7761,7231,7232,7233,7234,10947,7236,7237,7238,7239,7240,7241,7242,12502,7244,7503,7246
9486:5534,5535,11576,12799
9487:6843,6844,6845,10818
9491:6134,6135,6136,6491
9492:2754,12543,12866,2757,8922,3960,2760,5528,11772,3959,2764,2765,2766
9499:12792,12697,11351
9502:12919
9507:5001,11402,11403,7670,11406,5006,12524
9508:12266,12066,11880,10622,12069,12153
9510:12908
9512:12270,11938,12371,10968,11208,9127
9525:11545,11412
9528:12202,12526,9969,8381,12524
9529:12908
9531:11514,10035
9532:12908,11524,11525
9533:10712
